massfeature_rows	m/z	retention_time	p_value	statistic	CompoundID_from_user
row1	207.036575571696	11.953885996154575	1.2729793638109802e-09	-8.54796531498176	993
row2	85.0295549359238	7.089136171196094	3.1169975784451505e-09	8.16192286728088	36
row3	101.06080840469956	6.695315684066153	3.13357927751194e-09	8.05060385095909	124
row4	201.03829824513406	12.104753686638453	3.13357927751194e-09	7.99242815962179	939
row5	870.5931767781575	3.2964705481121475	4.16936874680206e-09	-7.869004301360099	1863
row6	311.2232986976361	3.744296639815076	5.745111596251011e-09	-7.74698876553617	1480
row7	176.03891366427058	6.699944410455368	6.61828968458881e-09	-7.6752469240127805	758
row8	229.04440952169483	11.947140113005384	6.727993614475079e-09	-7.6388473881882595	1131
row9	145.06199636087788	11.956320331670485	2.4796865465748997e-08	-7.2702678934673	493
row10	295.22819400143317	3.334676529607444	2.4796865465748997e-08	7.26763931586359	1436
row11	130.05912583874118	4.358191310468098	8.33847272917894e-08	-6.917640224857121	351
row12	129.0558250181137	4.357289362231783	8.33847272917894e-08	-6.90987908004408	337
row13	887.5676534016928	3.133856471057226	8.33847272917894e-08	-6.90778894263626	1874
row14	91.0286634370878	8.998500258439933	8.86492799874059e-08	-6.874673794137009	68
row15	89.02446893545297	8.998044063510056	9.35191411380924e-08	-6.83226417053175	55
row16	90.02776024558328	8.994190611077709	9.35191411380924e-08	-6.81962946174451	62
row17	167.04388573056175	11.933265880071046	9.35191411380924e-08	-6.81402472508409	669
row18	146.06535969083268	11.940636026477806	1.18873431462978e-07	-6.741175236764059	509
row19	87.00879408821226	7.958979953681156	1.56699570308687e-07	-6.66002718347257	41
row20	843.5659657796224	3.3289414704885463	3.77884100256891e-07	-6.43031126340376	1842
row21	845.5816275174501	3.3316204671219074	6.17530310468478e-07	-6.29647909244707	1845
row22	378.2420462956504	6.70067838089666	7.504824096769571e-07	-6.2364307558677305	1608
row23	141.01707975743182	12.101939082735395	2.1221592035641202e-06	5.96530354556712	446
row24	476.2786557427768	3.8771729441251983	2.52496379731932e-06	-5.90541892590783	1713
row25	298.11476307530563	11.748792760115466	2.52496379731932e-06	5.90054098972121	1448
row26	116.07984864866579	4.378515253699503	4.84859956459598e-06	5.72378250986162	213
row27	437.32775691517617	3.3386646688717243	4.84859956459598e-06	-5.71581413163993	1676
row28	439.34347053810404	3.3271098535880186	5.21625036290752e-06	-5.687951608643759	1678
row29	376.22616739475984	4.340431215829212	7.24346878930233e-06	-5.59515535805747	1605
row30	115.07650504174171	4.377227642696315	7.3501363063845e-06	5.582731206732951	199
row31	124.00742894952947	12.242078833535063	1.7306030527489902e-05	-5.35348840591777	296
row32	862.5603083683894	3.1474404783449628	1.89636471598858e-05	-5.32146782076179	1856
row33	844.5775262081262	3.326558359354561	2.56275073764103e-05	-5.23488201415017	1843
row34	145.01437793058508	12.532780737923922	2.8147782121307104e-05	-5.20249625420196	484
row35	88.98809670782707	13.742913304279806	3.06906072558346e-05	-5.172187721555059	54
row36	368.16244375294644	3.3701919023317366	3.77292432105614e-05	-5.1104005811984905	1597
row37	263.6283178948737	4.144320746990906	3.81127122690506e-05	5.10049783436816	1325
row38	842.5626616976155	3.3360066390204994	4.02917103953128e-05	-5.078755098711	1840
row39	886.5598923412723	3.1411447007765414	4.29319078111086e-05	-5.05507543126037	1873
row40	835.5384187244232	3.149144063800737	4.85504429170683e-05	-5.01572032845815	1839
row41	378.24200302807253	4.307251621660317	6.0305162031243104e-05	-4.95137797071407	1607
row42	217.03004120335441	11.986841121049213	6.45790567164155e-05	4.926629111942651	1038
row43	239.01694592562592	12.545096171406062	0.00011452132338557099	-4.76596245807938	1192
row44	582.3430984298906	3.8402288592059217	0.000125920559963541	-4.7297048456232105	1790
row45	115.04009321138456	6.683510164574113	0.000125920559963541	-4.7278295369144905	194
row46	581.3305950742779	3.872932160933936	0.00013089561545807802	-4.71129005664202	1789
row47	133.01436248382964	12.67462648158867	0.000170857265641759	-4.6325296695269005	385
row48	819.5636656129515	3.36358458503049	0.000185397363290022	-4.60429031211733	1826
row49	481.35374895731616	3.384486997231015	0.000236601023475625	-4.531227799658059	1717
row50	818.5604048508866	3.3565909126870976	0.000295761451168497	-4.46042941169937	1824
row51	179.05636701912715	11.851984048239448	0.000295761451168497	4.45377652365217	774
row52	243.06240389240318	8.892481575369557	0.000295761451168497	-4.4525756632601	1218
row53	111.0199962384773	8.895402056616321	0.00047793951233656904	-4.3121137747987595	160
row54	104.03536878313335	12.445486768190394	0.000512410824147753	4.28702372476316	142
row55	468.3778871389536	3.2958834423175145	0.000550998448775441	-4.26111587355357	1710
row56	188.07194691319617	6.699071748024206	0.00060858043188009	-4.22604856226412	856
row57	861.5567975725446	3.1596247263067974	0.00060858043188009	-4.22248805088301	1854
row58	103.04010851971516	7.698160651760896	0.00062109235701474	4.2116672571155505	137
row59	264.1300241947174	4.141262323436924	0.000685742426148578	4.1782907959171895	2871
row60	171.13929441377715	3.6130368514853273	0.000708372064343604	-4.164087741318831	705
row61	187.13424256560089	3.5992600269523014	0.00079498637688787	-4.12216654068425	847
row62	129.03876406186586	9.34932732939567	0.00079498637688787	-4.12124038241632	336
row63	447.3484907274122	3.302140635758129	0.000933438335310785	-4.0698849344562396	1685
row64	535.4003887565768	3.3005659981857924	0.0010279062478907599	-4.03709113751364	1750
row65	164.07192388757485	8.936914725151318	0.0010496229894667599	4.02641521930174	647
row66	556.327450838956	3.925914691236952	0.00119242097589821	-3.9838660504476295	1766
row67	557.3308696003703	3.922976482175159	0.00119242097589821	-3.97996113039352	1768
row68	124.00165764760165	12.36602225463413	0.00131752448334252	-3.94606615775301	293
row69	369.17468553430894	3.3850625870022952	0.00146349419454127	-3.91050385955266	1599
row70	145.08717593899019	4.234139379489844	0.00152437399716092	3.8940592827902596	495
row71	538.4187997182212	3.2944929665106204	0.0015924450881041599	-3.8767624859169	1753
row72	151.00720710258983	7.070997313987822	0.0018918554831139302	3.82080822211887	540
row73	172.14264887029475	3.610834325354855	0.0019192959653269199	-3.8123011781007006	710
row74	557.4593965604706	3.1529205916544565	0.0020237343956796302	-3.79216751953623	1770
row75	847.5973118373324	3.322875237704202	0.00219871891812973	-3.76293326625663	1848
row76	212.00257001604353	7.62065280152146	0.00267413043091085	-3.69909497890071	1010
row77	288.7402671531395	3.181930835857083	0.00343990740434276	-3.61730241681984	1411
row78	604.3268142958817	3.839108022701502	0.00434800973621664	-3.54004042896146	1802
row79	593.4800363515877	3.2264464847396117	0.00438719739457275	-3.53320869851114	1797
row80	165.07521443552784	8.933980809524915	0.004678065163427321	3.50899110192051	663
row81	117.05576557308048	6.697447919771912	0.00517299836947227	3.47317498333552	238
row82	296.23618148209215	3.182461970221168	0.00531349037994452	-3.4574254996379	1439
row83	558.4627070500302	3.149763074407248	0.00531349037994452	-3.4568797315227697	1772
row84	148.043940369512	9.929602688818687	0.00569391978136897	-3.42719975758156	526
row85	425.3640605869578	3.3036473468045844	0.00569391978136897	-3.4271732374199804	1667
row86	445.3328213382077	3.3038681073478022	0.00573915557949341	-3.42088799727827	1684
row87	885.5564517459354	3.149851185435069	0.0057688821627712395	-3.4143606106370896	1872
row88	88.04044322224408	11.874346650224451	0.0057688821627712395	-3.4118517211704	52
row89	278.7270147150213	3.1361259078377186	0.00685700100272599	-3.3524240218294596	1376
row90	271.22789734679384	3.369340770358184	0.00717970932820787	3.33384634036614	1355
row91	257.1760384054745	4.4124934777487885	0.00924432883452384	-3.2473096529515497	1292
row92	173.1185302734375	4.332253082853809	0.0093076951910195	3.2414348482794906	738
row93	74.02459464135109	12.405581888272565	0.00951245666857674	3.23064428601457	10
row94	580.3271526179901	3.8736796735657735	0.0103154656034883	-3.2001369871871	1787
row95	171.06652881572774	9.858495351699194	0.0109396214140726	-3.17696615573043	696
row96	262.62046004314806	4.025682739654456	0.010949486729953	3.17315558645562	1316
row97	116.03533861234592	9.21462401701022	0.0121261221109666	3.1340594468824907	204
row98	170.08218817875303	6.695439445713013	0.0121261221109666	3.1318710850384504	2431
row99	391.2858870776732	3.3800169159451037	0.0135222105772689	-3.0914703831787502	1619
row100	274.22271585464483	3.1812649266943267	0.0138661958285648	-3.0794812452554203	1367
row101	263.62828572591144	6.690217833094425	0.0150841557272948	3.04593884290588	1326
row102	200.17399280102225	3.476980224045644	0.0150841557272948	-3.04386457670917	934
row103	269.13948914499	3.4783576136564838	0.0161361194122742	-3.01536813657854	1350
row104	129.09220678156072	4.076834476316876	0.0161361194122742	3.0139297972064196	343
row105	286.2227688083401	3.1772261211032617	0.0169000917350629	-2.9945874973463797	1402
row106	278.22536240614846	3.133379324478228	0.0179780964397524	-2.9697682694694305	1374
row107	267.1239253452846	4.319181921907012	0.0193483294786874	-2.94077623952798	1334
row108	177.02292821314427	7.152955409725053	0.0197738914158726	-2.9272917954434705	762
row109	204.0668493493811	7.515430076246548	0.0197738914158726	-2.9229191538241404	964
row110	143.07147761753626	6.696129544660934	0.0197738914158726	2.92229519447254	464
row111	521.4214025426794	3.2334023755146606	0.0197738914158726	-2.9202115858983397	1746
row112	233.18369580553727	3.3046956013301227	0.0213142543816368	-2.89051029756645	1157
row113	495.4058945452581	3.2612327524443687	0.0219099000759517	-2.8775599751896	1731
row114	178.05122157505582	6.69859237048775	0.0231008007944321	-2.85470219336221	765
row115	279.73495039506395	3.123321191968228	0.0231008007944321	-2.85241960746938	1379
row116	113.02445366508086	11.899448215687025	0.0232468215912487	2.84706540364259	171
row117	131.04631032572163	12.136529023794406	0.0238607941088055	-2.83163127329325	366
row118	213.00196725814067	13.721975619452106	0.0238607941088055	-2.83158137155164	1015
row119	493.39010162353514	3.271524832007562	0.0244897987237945	-2.8191818323937703	1727
row120	165.0418567268216	7.629396595032952	0.0246911595645972	-2.81321197824737	657
row121	220.99308013916016	10.947240324387105	0.0247304480860744	-2.80964266131879	1068
row122	303.23337485573506	3.338792817850111	0.0265852374417363	2.7804616482057405	1453
row123	367.1590471009951	3.3725292725086597	0.0277471600686122	-2.7619084384182	1588
row124	466.3082348051526	3.1432803713242183	0.0281972487664637	-2.75307149016134	1707
row125	559.4754897608901	3.1487636580957488	0.0287439565333192	-2.74309996657837	1773
row126	241.18119080861408	3.397151993429464	0.0301417796958767	-2.7227266748342402	1209
row127	181.0720392175623	11.547314920045824	0.0303395801872381	2.7144971591449396	797
row128	203.08291893500785	10.10332550273798	0.0303395801872381	-2.71164656391129	954
row129	491.3744518395626	3.2904430590989	0.0303395801872381	-2.70959559238047	1726
row130	223.17066975383014	3.3513555410075857	0.0303395801872381	-2.70652841685238	1084
row131	591.464356722897	3.2294815636679868	0.0303395801872381	-2.70595445832944	1796
row132	540.4349784851073	3.2747547807432524	0.03193493812663	-2.6828871225454503	1755
row133	151.00718629515018	9.31320493458294	0.03193493812663	2.68133662153887	539
row134	283.2643951812348	3.3222655184656813	0.0323535903269506	2.6737017895998303	1395
row135	452.27873774937217	3.932324834183977	0.0338630364365236	-2.6515336264869602	1698
row136	284.26777252593604	3.320531030111084	0.0338630364365236	2.65113788113946	1398
row137	155.10794651972782	3.7486364420574856	0.0342703480235416	2.6439105921422796	572
row138	127.89740378396552	3.5161109888788165	0.0344673660098748	-2.63902903672058	317
row139	254.6231577625013	3.4515385205161464	0.0356216239649159	2.6239186475397402	1279
row140	124.99145158670716	6.704809666993031	0.0357175333055308	2.62020139102657	299
row141	115.00369941414176	11.108690833148477	0.0362325703379348	-2.61210688002375	191
row142	539.4317562479367	3.2629252326262272	0.036714185031907993	-2.6044366808815695	1754
row143	594.483380291913	3.2279267387701385	0.0382943305562764	-2.58577796950899	1798
row144	213.00600967407226	7.61273238210591	0.0424776831387683	-2.5434633107248197	2630
row145	251.00357776798612	10.953038709435267	0.0428954115633354	-2.53703537890288	1261
row146	577.4855547093632	3.19042375448828	0.0431878578134196	-2.53078456353905	1785
row147	127.05137257962612	11.91693200868459	0.0431878578134196	-2.52657941688516	312
row148	311.8917828728171	11.263768943500034	0.0431878578134196	-2.52471290246641	1483
row149	131.03507210551828	11.91636612320792	0.0431878578134196	2.52391884047125	4644
row150	846.5937054608319	3.3264573287501875	0.0439366622550677	-2.5146828807009802	1846
row151	242.17642692670432	3.968582667479457	0.0442475343323463	-2.5083117574303504	1216
row152	263.1037940426149	4.48869015634301	0.0442475343323463	-2.5068157640310003	1323
row153	150.0173844888177	9.35574822222095	0.0458202417266657	-2.49068664003227	535
row154	98.95594168328621	13.886710109054807	0.0465919784310392	2.4816306155221	105
row155	173.0457220208155	6.695978425520297	0.0468486531567652	-2.47494200756813	724
row156	873.6763733821127	3.4465709822831045	0.0468486531567652	-2.4744396439765	1869
row157	463.3432386243665	3.3499156021907077	0.0486055197103719	-2.45512995073282	1704
row158	365.2703278064728	3.442672134361825	0.0486055197103719	-2.45500387389581	1585
row159	596.4990274765912	3.207686143685887	0.0495683348124312	-2.44479683367736	1800
row160	130.08752356635202	9.39042118533025	0.05149285666190799	2.4272676788439798	355
row161	144.0303600360821	9.733428019034745	0.0526573272507451	-2.41592624148141	478
row162	241.14479837919532	4.414895156965474	0.0571385252020818	-2.3790599998116804	1205
row163	255.16037213802338	4.436417265724365	0.0571385252020818	-2.37839109961142	1281
row164	283.15535571528414	4.444621325317602	0.0610258732588733	2.34941504679441	1392
row165	197.1549867902484	3.4954448863618337	0.0617374380995342	-2.34226185330902	916
row166	465.3589821370443	3.3321431620729585	0.0627088206320627	-2.33347762670342	1706
row167	199.0978537797928	6.68487586528258	0.0629554239537369	2.3294419679458502	927
row168	573.4540270996092	3.199464309287202	0.0671771156374942	-2.30050869561375	1782
row169	238.57951478397143	3.500875358634886	0.0688663889057363	-2.28578821951429	1183
row170	146.0460168417398	11.831845575785847	0.0688663889057363	2.28428242744884	507
row171	267.12391570120144	6.687543609530058	0.0688663889057363	-2.28303265403927	1335
row172	519.4057015681611	3.27667922943769	0.0690455356653938	-2.27955938976234	1744
row173	96.960109661787	13.888123297301545	0.0694022188848365	2.27504232254368	92
row174	467.37467053062034	3.319902400362676	0.0699780155877843	-2.26909004912173	1709
row175	199.17062873344918	3.4774888296305297	0.0699780155877843	-2.2668315716816	929
row176	364.87411772315176	11.316857911473248	0.0699780155877843	-2.26451933266015	1580
row177	288.2386944745038	3.1671382260168164	0.0701659197454334	-2.2601776331075	1409
row178	413.1991251475776	3.5430802050712584	0.0701659197454334	-2.2587261985171403	3130
row179	174.05622406005858	8.323659398207559	0.0716594256600925	-2.2476513654874797	742
row180	226.1087738037109	6.694961413787197	0.074229835811432	-2.2306322253474704	1112
row181	575.4698274739584	3.200597221201272	0.0755514448591541	-2.22065899609917	1783
row182	228.20522229083173	3.4120727277992184	0.0755514448591541	-2.2186152982259704	1125
row183	146.90852405178933	7.835539299059532	0.076119953517591	-2.21316795434006	2316
row184	113.06081464213709	6.6934918069421725	0.0764341118037784	2.20741369262999	2033
row185	595.4957937943308	3.2047331310770737	0.0764341118037784	-2.2068651901683998	1799
row186	180.06688155137095	10.982260961074509	0.082399225196381	2.17279893486025	786
row187	118.05101830618722	11.713516778750336	0.0835068347256032	-2.1648341448582102	247
row188	224.1785416474213	3.280130179557508	0.0842942862745175	-2.15671450110947	1097
row189	136.03333897744454	10.836838360509072	0.0842942862745175	2.15629121499069	412
row190	311.66629515302935	6.70903285375748	0.08773930547146401	2.13471430681777	1482
row191	250.19397688645583	3.206513434284517	0.08773930547146401	-2.1346141460849197	1259
row192	159.10283867088526	6.695762624239203	0.0927714533433084	-2.10662317754343	607
row193	228.99573354085285	10.941732414835641	0.0927714533433084	-2.10603619700449	1130
row194	239.16554141044617	3.4416219388344937	0.0943141142305452	-2.09663003043349	1197
row195	558.3334298384817	3.937375842528775	0.0963536836191646	-2.08506944517508	1771
row196	327.23352090935964	3.3116915847602955	0.101477858419517	2.06006080709532	1515
row197	537.4160923204923	3.301670167409644	0.101477858419517	-2.0578898880668404	1752
row198	556.3274153452071	6.663541207906714	0.101824914078199	-2.0535727415438	1767
row199	144.03035748194134	8.173937645153055	0.101824914078199	2.05193655688632	479
row200	141.0922568003337	4.054931736213171	0.10417015531410001	-2.03966362144654	448
row201	227.20195225306918	3.4147930935801885	0.109453038406325	-2.01547049709613	1123
row202	227.12918722218484	4.42346476122666	0.11137104317455498	-2.0054947495214	1118
row203	231.16809051513675	3.3335522627666805	0.114077368899366	-1.9925181353994799	1146
row204	257.2399262267274	3.3692969069295335	0.116849028087791	1.97950031857849	1295
row205	397.85995954625747	11.325790273713677	0.116915641136375	-1.9770365423435101	1628
row206	585.3619483625386	3.8207970282663704	0.122198192987481	-1.9516297799143	1795
row207	255.23312159946983	3.36814780726768	0.122198192987481	1.9511771437444898	1283
row208	179.05638197601814	10.46882181549539	0.122198192987481	-1.9490880940463502	776
row209	501.39517921625185	3.2167343586271246	0.122198192987481	-1.9482306491317298	6390
row210	473.3639199775562	3.2493468849033484	0.12248594133993199	-1.94498237439623	1711
row211	159.0664439201355	6.694323840296817	0.126822132741524	1.92689418592046	601
row212	256.23646307610846	3.3681837568530684	0.130945396887994	1.90999812299626	1288
row213	189.0032562456633	10.950294326132743	0.131830205439725	-1.9045217406571697	861
row214	135.0313870155648	9.128988611519443	0.131830205439725	-1.90254967803495	408
row215	113.0244350172069	6.699673613532464	0.13651446281644697	-1.88418851243696	172
row216	576.4730153764998	3.197445980420977	0.13656716026815302	-1.8817488683257602	1784
row217	304.2366744331692	3.338150256789248	0.13656716026815302	-1.8796967487893301	1458
row218	247.1992957073709	3.248406085418424	0.140421849119303	-1.86454339063341	1244
row219	213.1499638961533	3.6276348399810714	0.14097924788441502	-1.85976165229444	1020
row220	195.13932007628605	3.4509792798221266	0.14097924788441502	-1.85840348550514	902
row221	110.9757532755534	8.323679587808472	0.14112658666093802	1.8557832466594	155
row222	101.02440480550129	6.699949917257196	0.14235527713202697	-1.8495831220482	120
row223	335.0499544645611	10.95843758926749	0.14321331192287198	-1.84463386718681	1532
row224	584.3586108715504	3.798953958075536	0.14668060247041198	-1.83121182465743	1794
row225	243.0624103298435	10.402768790876824	0.14900145369940698	1.8216487553862601	1219
row226	195.0512753771497	11.505150357637177	0.15449934372978	1.80095873151146	900
row227	246.19153615048057	3.272921680339929	0.15449934372978	-1.7995578663276597	1234
row228	232.17595381485788	3.3231552515197498	0.15449934372978	-1.7970209267200101	1148
row229	130.06225100430575	11.779455537397421	0.15449934372978	-1.79593761046998	354
row230	233.6853736290565	3.3112754526653347	0.15863690630539198	-1.78113673599748	1158
row231	269.2124925093217	3.321700575316438	0.159481991878655	-1.77648078687227	1351
row232	269.24867823216823	3.3506384759134913	0.16156394967407098	1.7681210299596	1352
row233	212.1784907749721	3.3035747535421813	0.161636531369375	-1.7658199393171499	1013
row234	287.23073738499687	3.1712069933632554	0.16207577837474402	-1.7624273306944702	1406
row235	204.08615956624348	10.099763407448416	0.16433362434371698	-1.75363217369564	966
row236	225.79617060447222	3.657816430777417	0.16603477107148498	-1.74478910347093	1107
row237	141.01706041608537	10.893762358636836	0.16603477107148498	1.74448041943403	447
row238	168.02797464224008	11.844320908958194	0.17129000340606398	-1.7271558929233999	678
row239	131.07147385238054	4.441040573365044	0.17490128466101698	1.7148181716721398	368
row240	154.06237386728262	11.847856162887016	0.181392234130383	-1.6947021461633998	560
row241	283.22824444687166	3.205334334614585	0.187481505130243	-1.6744796849758898	1393
row242	161.0821318853469	6.7093796416331255	0.187481505130243	1.6740865952643302	625
row243	325.1848309009106	3.2689375727997594	0.18803389438117998	1.6705454820997199	1504
row244	199.09787029109592	4.400153973836843	0.19037572753100898	1.6604051604316898	926
row245	269.713956627479	3.2530904760902204	0.19037572753100898	-1.66020810148779	1354
row246	225.06479313499045	10.098346637369543	0.191380173900779	-1.6555044726106203	1104
row247	127.04012124013092	6.709348709536674	0.19181824058288	-1.65230386710841	310
row248	122.03290850156313	6.6977178331918275	0.193016949613665	1.64688436329339	282
row249	187.0978455624338	6.705877587566157	0.193016949613665	1.6450773857555698	844
row250	151.06135212291372	11.0004049893049	0.193385960208877	1.6420798635448501	552
row251	465.30483968634354	3.148621153000661	0.19800677368270397	-1.6280531714537	1705
row252	157.08715852101645	6.696491513864683	0.212289996600033	1.5902763088711798	581
row253	119.90757185412993	4.582625002145121	0.21788485267805396	-1.57474112137842	273
row254	189.0031255605269	4.189225864176562	0.21807891074345398	-1.57222650763011	2537
row255	168.01857366059954	10.95969368143298	0.219240470531897	-1.56741342015122	676
row256	821.5791616866838	3.338156977007699	0.22129110299869	-1.5605107699021203	1830
row257	253.14478259019452	3.6169657938935407	0.223717726742044	1.5527610391372901	1270
row258	121.02955711661996	6.6977718737230205	0.22457067400369604	1.54403544148846	279
row259	146.04603398310672	9.718575922684986	0.22457067400369604	1.54372030504011	508
row260	232.05950973973134	6.688173725985955	0.22457067400369604	-1.5415004634082698	1147
row261	294.96766913115084	10.939673454362104	0.22457067400369604	-1.54066530745605	1434
row262	157.12355626093876	3.6827429102693867	0.22457067400369604	1.5406362152054598	586
row263	255.08759255244811	9.559832862356606	0.226049879793213	1.53516581782341	2843
row264	583.3463194876007	3.8611054631000363	0.22704488178259902	-1.5308406722227401	1793
row265	168.02460188614694	10.968782279796429	0.230527393776031	-1.5207735036436998	677
row266	179.0563813273112	13.2795551977824	0.23355502941242698	-1.51183231952315	775
row267	157.0871895684136	4.417090824930626	0.235803768483594	-1.5047191396331001	580
row268	213.18630760594417	3.4515188609155163	0.243916201781407	-1.48457319594246	1021
row269	122.89832931518556	4.59988053825846	0.24501865528654102	-1.4801354451177702	284
row270	180.05976465586068	13.2830125332868	0.25300271402132	-1.46076152486373	784
row271	134.86522530609707	3.3656538091764374	0.253691964837748	-1.4571486755987701	393
row272	268.2045452563794	3.2866265872973015	0.253691964837748	-1.4552642916962901	1340
row273	167.1079549228444	3.7231398951406987	0.25474715414240806	-1.45099967020299	670
row274	391.285930517948	3.996609901980495	0.257603612731655	-1.44290501437576	1617
row275	127.8974044387405	11.801529013739382	0.259344214430204	-1.4372160842475301	321
row276	102.05606847127278	11.27572644975993	0.25998817540367497	1.4338604603023402	128
row277	464.30206298828125	4.378303125742693	0.26324499619680697	1.4250147903247903	3154
row278	263.103804234096	6.69960873275694	0.270207445498756	-1.4085724561240403	1322
row279	165.04069840280633	11.43106694193473	0.27285955377304605	1.4011429862508002	655
row280	160.89714934333927	4.708355944180486	0.28194127527761603	-1.38082614257425	617
row281	245.18368039065845	3.2909219585805087	0.282610367934151	-1.37748949813716	1233
row282	260.2071756859348	3.2328585524291245	0.286270070803402	-1.36823511261999	1309
row283	222.16279651592305	3.29824656541644	0.28751080406475393	-1.36378953032428	1075
row284	224.56383427211216	3.90188328560876	0.28843372806676	-1.3599774057883602	2691
row285	339.20052417356584	6.448918325448145	0.289226128130325	1.3548346113689598	1540
row286	124.99146647267528	10.071362724486784	0.289226128130325	1.35443931543037	300
row287	199.06149704729924	4.480001271148309	0.295498570361183	-1.33808251896801	924
row288	191.0200058577897	13.74217244561657	0.295498570361183	-1.3367831103727799	881
row289	157.08718564775256	3.7377844794415367	0.295498570361183	-1.3362549209827	584
row290	135.03001791531923	10.83797416542703	0.296486384172405	1.3323640128278402	406
row291	103.04010335860714	8.63240349250877	0.302491100536513	1.31885465110729	138
row292	129.01943174089703	10.87623471101784	0.302809221108939	-1.3152387186466399	332
row293	131.03504869672986	6.705588022014253	0.302809221108939	-1.31074604443926	362
row294	448.30730406878746	3.971739881150212	0.302809221108939	1.30860900207057	1686
row295	158.126927165242	3.6831199147626696	0.302809221108939	1.3069118351378999	591
row296	118.05911954243976	6.697856604434528	0.302809221108939	1.30488354879506	251
row297	192.0233668537883	13.7423986462641	0.302809221108939	-1.30471881404957	884
row298	221.80083140921084	3.4304558612248157	0.302809221108939	-1.3044956991535601	1070
row299	409.2364949544271	3.8581276821594814	0.30339318649145197	-1.3014316529713998	1645
row300	268.127251059322	4.298133245520232	0.304820302500966	-1.29519958949022	1339
row301	278.22067105568055	3.372385974139789	0.304820302500966	-1.29482166719705	1373
row302	277.2174855021688	3.3639893481676477	0.30548299395503303	-1.28974848156503	1372
row303	820.5748174566971	3.3542531453250164	0.30548299395503303	-1.28969134158749	1828
row304	764.5700446680972	3.5606075936018384	0.307231994823589	-1.2844267815599901	1820
row305	151.02629398655247	10.236225337231344	0.31463188644560103	-1.26851732712403	541
row306	311.16901518169203	3.2841254376703155	0.31968959866207103	1.25715929198732	1477
row307	517.3899945820848	3.2891042395971746	0.32062472897211897	-1.25349312675633	1743
row308	127.07652043660481	6.694449363694616	0.321163984928183	-1.25056439382819	315
row309	151.05145154680525	6.783988989148322	0.321461489301029	1.248086992975	551
row310	251.2018649939335	3.357360746710355	0.325389117777272	-1.23892333322412	1263
row311	763.5668057528409	3.5610723666005533	0.33021227908914197	-1.22818667565774	1818
row312	175.09779409634862	4.318374463191361	0.330234949369891	1.22621814175472	755
row313	130.05102221996756	11.680141206394634	0.33500267252189003	-1.21566176260176	349
row314	224.06210999739798	3.9017136246124777	0.338517045352761	-1.20742367562254	1089
row315	135.04526713053386	6.692656528554124	0.34515711711878194	-1.19368875203623	409
row316	136.86326035209325	3.4891078579543016	0.345960596916516	1.19033713572562	415
row317	449.3641285366482	3.2826522360109687	0.35189993664510794	-1.17798290414003	1689
row318	201.0771250231513	6.697222941485713	0.36089346753304896	1.1604873494919798	941
row319	128.07177696228027	10.478865160370992	0.361354173421892	-1.15775314256309	2183
row320	189.11350952148442	4.375705227705427	0.366091384588438	1.14772029676082	870
row321	224.91611731230324	12.49200939005244	0.367243137723054	1.14381906890106	1101
row322	280.2364319640321	3.3545164263701537	0.37220758778935603	1.13272718942975	1380
row323	149.04567240397137	9.472869356335211	0.37220758778935603	1.1315364987690502	529
row324	297.74561577874266	3.1884655765695635	0.383655700866285	-1.1104932766106101	1447
row325	174.0886201734667	12.403440744271968	0.38547523582712	-1.1055382835122198	744
row326	279.2331548913733	3.35298486381117	0.38726315007752293	1.10064381603246	1377
row327	226.05713435581748	10.38663217108954	0.390956318727255	-1.09198583450811	1111
row328	128.071799214681	9.648592469221397	0.390956318727255	-1.09068748487996	2184
row329	297.1533418135209	3.2892732256705015	0.40035375595614997	1.0734823663369	1441
row330	149.06092804356624	4.390249850136868	0.404661088218822	-1.06460757269704	532
row331	238.89174254044244	13.899260518163128	0.418572652571771	1.0406251678288199	1187
row332	132.03033387033562	12.017643893639073	0.42563251448733	1.02765214279449	375
row333	260.8733308211617	13.902969900696394	0.43119689400677397	1.01708013830509	1311
row334	255.12455043508047	3.46670524825866	0.431732523202947	-1.01426866415813	1280
row335	227.12921417236328	3.825149337807781	0.443220335280049	0.9936497676879041	1121
row336	157.05078897847758	6.693471025718492	0.443220335280049	-0.9927676809020601	577
row337	185.1185693875165	3.6489621973361115	0.44620462923046095	-0.98626350013668	821
row338	216.90967214924012	13.896853595344426	0.44900930342453205	0.979267701325457	1036
row339	131.09078618099815	9.401536819951136	0.44900930342453205	0.9780493074162379	374
row340	152.91776842389788	13.894802800748069	0.455919787541115	0.965420353293787	554
row341	246.07512751988003	4.0715767757975785	0.455919787541115	-0.963704638003221	2805
row342	255.63107550144198	3.52629980430758	0.46770037785843105	-0.944256043067619	1284
row343	123.90211130117441	11.80377566013209	0.469289139674884	0.9382021376075931	290
row344	119.05433031030606	11.715177994730134	0.469289139674884	-0.9379078504532321	272
row345	192.91033778471103	13.905201797165699	0.46960699830701097	0.935438053079235	887
row346	293.17606680733815	3.478209834970471	0.474143099265867	-0.926784426466489	1424
row347	171.10291706431997	4.118268491255505	0.481204085714259	0.914494106250058	701
row348	287.73241413173383	3.1834111923634247	0.48209033535111895	-0.911199164143264	1408
row349	394.85143311818433	11.221816681927853	0.48238543941135104	-0.908764103485041	3115
row350	171.06651979917058	6.687123296360108	0.485957833609187	-0.901584131244889	697
row351	173.0821175826223	6.6720087050554415	0.504831249584626	-0.872357376289144	729
row352	327.13019866943364	10.416636474217563	0.504831249584626	-0.8704514230243922	1513
row353	282.2521336543096	3.3411903514244936	0.504831249584626	0.8685379551010959	1387
row354	267.19676638321135	3.356378182701149	0.5063718577919191	-0.8643334244235841	1337
row355	189.04070975563744	9.925150948615574	0.520532461943815	-0.842428512338562	864
row356	129.05582745044262	6.699937894588653	0.520922742150872	0.8390444949039599	338
row357	281.24875829126927	3.3418620821162066	0.520922742150872	0.8378081296791109	1384
row358	147.03005168477043	4.6260281030804125	0.5311681629016439	-0.8215549515961079	517
row359	188.01062311444963	4.236805607396493	0.5446619413030711	-0.8010113305061701	2525
row360	238.12803771972656	6.687489847742227	0.546796246484356	0.796044864507432	1179
row361	144.1112461833211	3.9247963224542457	0.549296043965936	-0.790585999088119	480
row362	143.10786943311814	3.9227844051193577	0.551944538352591	-0.7842308819584181	469
row363	131.08268252286044	12.404949415804223	0.551944538352591	-0.78286701427426	372
row364	194.9276699739344	13.893172839973586	0.552044131707567	-0.7806715931176709	898
row365	178.81552312145487	11.582119595691154	0.5595182085933079	-0.7684974451301301	772
row366	181.0702124333036	10.984243973521393	0.5850799847087529	0.732371975300427	796
row367	205.16002892159128	3.556921970368879	0.594225614824036	-0.7154503685168101	975
row368	165.0558772674979	6.682756377640244	0.594225614824036	0.71490464389094	660
row369	238.07778147647255	3.5040516391492385	0.594225614824036	-0.7140550332803041	1176
row370	105.01932783250685	10.558591501553725	0.599337068883341	-0.7052669300543679	145
row371	151.04020590531198	6.6957503728505126	0.607241124081241	0.69084187096563	542
row372	136.962231488295	12.468432314218266	0.607241124081241	0.6907526961835289	417
row373	164.06478671023717	10.406631729751767	0.610745620550589	0.683551385948924	646
row374	149.0456517179247	10.919561661601136	0.610745620550589	0.679532428143644	531
row375	296.73784525553384	3.1989323880436302	0.610745620550589	-0.678401235823809	1440
row376	178.07234128316242	9.746805620097733	0.610745620550589	0.6777396113794929	767
row377	215.0927880385826	6.695401339063479	0.6196377820654649	-0.6640995220628559	1029
row378	164.89123170767255	4.7131965006683565	0.6359302255304351	0.641054144181763	649
row379	311.6663135729338	4.450097471356906	0.6485120328102321	0.622922992635113	1481
row380	117.91056505839029	4.672059382987456	0.649499482353777	-0.619511812883652	244
row381	291.8954501152038	11.249254982407797	0.6671595256231401	0.595138383295677	1421
row382	141.09224414825442	6.687392915822947	0.670897674412952	-0.588282239638265	449
row383	262.90758346929783	5.069983646521141	0.673212964285139	0.583203005164701	1318
row384	297.2439971527496	3.2634870930127677	0.675238474962732	-0.576447808274283	1445
row385	164.00254993707358	8.422774737378058	0.675238474962732	0.5762940982582979	2401
row386	237.12469839120843	6.688209838701932	0.676442414292403	-0.572601411514932	1172
row387	241.1448631286621	3.5594493585785663	0.6868376704491059	-0.55746074029795	1206
row388	305.2490982270577	3.3273780278863097	0.689574464629196	-0.551859673047676	1460
row389	112.05165590558735	8.675433312835604	0.6927730678768671	0.545685977297154	163
row390	224.06210506663604	6.5066226029423015	0.7059115485551691	-0.5259750866115	1090
row391	223.7985522183505	3.3811132162213013	0.7059115485551691	-0.525014806756418	1085
row392	299.25976185984433	3.356142185130844	0.7153113627025409	0.510002990125639	1452
row393	171.0665327373304	4.44218347113237	0.7153113627025409	0.5085431177912411	698
row394	115.0594207961838	10.74343977486706	0.7153113627025409	-0.506756418988663	198
row395	339.2005169517116	3.2452410890038745	0.7236154101599	-0.49432331866784296	1538
row396	329.24915982759916	3.3103042907379003	0.733242710329698	-0.48030085284181995	1523
row397	131.0714464031282	7.840192751104745	0.7334695199103659	0.47694585193519706	370
row398	133.99185498555502	7.182769199037848	0.7334695199103659	0.475510444689577	389
row399	103.01495277107536	9.790561578983068	0.7350236929199371	0.47135418683065994	136
row400	307.2645650063792	3.3325867143557852	0.7389359233296929	-0.464310962870228	1467
row401	344.8778054373605	11.32552151931953	0.7457950410635149	-0.45366914683871	1546
row402	226.1087946706004	4.45463025834129	0.749793040568693	0.44652250045991493	1113
row403	173.0821347171313	4.4851858829964035	0.756707511748662	0.43582487255882596	732
row404	181.0509033203125	8.57511950451258	0.757811076344039	0.4321986169125471	795
row405	244.17572445339627	3.3478752738188864	0.7796081635452241	-0.4034933416109171	3904
row406	128.03540160690528	9.333055748395331	0.7821220752476509	0.396474844173185	323
row407	268.7063138749864	3.299792245303673	0.7821220752476509	-0.39581831842563503	1341
row408	114.0560566790692	10.742154858050725	0.791202421482476	-0.38102477725696704	179
row409	119.03501826838443	9.435633876437716	0.791202421482476	-0.380203978312991	271
row410	114.90175825006821	11.329019441931877	0.7997244166924341	-0.367595792411244	182
row411	117.07508904593331	10.571613199834497	0.801106080841963	-0.36326231097988004	242
row412	251.0960756937663	3.4038252364102486	0.801106080841963	-0.361237569929777	1262
row413	160.06172271728516	8.770313034128579	0.8103040155627559	-0.34780008456286	614
row414	241.2175096784319	3.3930920789502954	0.8244624590384771	0.32842132098700705	1210
row415	267.2331930624472	3.3659941910695017	0.8268657798099641	-0.320507236619238	1338
row416	117.01938103938448	12.190184897246096	0.8268657798099641	0.320369982011148	235
row417	137.03575241733606	7.039385663369597	0.8268657798099641	-0.316976183348715	419
row418	224.90663598288955	13.884744156261707	0.8268657798099641	0.315991169347109	1099
row419	309.28049087524414	3.3155719617923136	0.8287554036472728	-0.311327713211354	1471
row420	167.0212465234705	10.962518211381292	0.832105618500402	-0.304897187775545	668
row421	154.0875479958274	4.359802406407863	0.8321213954490991	0.30248816903600295	563
row422	258.1912595621745	3.2904911888342543	0.832462453238114	-0.299463915126858	1296
row423	131.07145373852222	6.692908792864403	0.832462453238114	-0.296547227419984	369
row424	448.3072746276856	6.673739466219598	0.832462453238114	0.29491440622923304	1687
row425	152.98647775957662	6.683102549028781	0.834986889422715	0.289460919028394	555
row426	185.15493437531703	3.546855307631669	0.8351511394279179	-0.28418984359759303	823
row427	145.05076418084613	11.545098622641056	0.8351511394279179	0.28295056304766203	489
row428	154.08752609847429	6.580115312079056	0.8351511394279179	0.28141466247335306	562
row429	91.04009880890716	9.33624593429421	0.8351511394279179	-0.279721272801711	69
row430	201.11353302001956	4.152163789304331	0.8382807044551809	-0.272242421241631	944
row431	265.1479942024528	3.2829035358068848	0.8382807044551809	-0.27089609162707	1330
row432	103.00371070530106	12.569062747074742	0.8382807044551809	0.267693805993623	135
row433	193.0239928978077	13.771137512973215	0.8382807044551809	-0.266354690685642	891
row434	140.96574513505143	4.971282212496566	0.840843942732132	-0.260816137782133	2258
row435	165.01950825124547	11.685553530019662	0.841999009628399	0.257006932773855	652
row436	130.09551098472193	4.074945368501045	0.8427570792850358	-0.252944091478648	359
row437	246.07510981484063	6.595772818051946	0.8427570792850358	-0.251299262987826	2806
row438	137.03575367397733	9.807726055940838	0.846624398181657	0.244126731160657	420
row439	183.1392878142881	3.593761266063883	0.8525650345035191	0.234379083878483	809
row440	143.0350944363341	6.7276553710009575	0.8579936603013499	-0.225254101883719	456
row441	125.9001536183543	11.805920566474748	0.8670861131247249	0.21158507220074102	304
row442	75.0257751601083	6.0947415241943625	0.8788732703541271	-0.19295424180082396	18
row443	116.0717249783603	10.571468648984547	0.8788732703541271	-0.19097155214469802	208
row444	165.04106324718845	3.260211452076983	0.8788732703541271	0.18966731130797698	656
row445	239.09274469663018	4.4980377537917615	0.88126948583626	0.184240344656654	2776
row446	225.18626423885948	3.4279515722031317	0.8901022077535741	0.17081430849573498	1106
row447	259.19935627987513	3.266510610168911	0.8918173956540029	0.16620730554847	1307
row448	169.12362581723698	3.634075750291192	0.9170149912474179	0.132440774807838	685
row449	165.0922917127609	3.765958227386261	0.9202908133037941	0.12584026505049498	664
row450	130.05103391176695	8.32344450761145	0.922032499873422	0.12113335498456901	348
row451	99.00878860473631	6.704316600076837	0.932530818446206	0.10552718303419902	113
row452	203.8691789276746	6.725910471986389	0.947517468865856	0.0825240125463785	960
row453	253.2175150289164	3.3841056024563168	0.947517468865856	-0.0817011464391028	1272
row454	239.09274291992188	6.795337756356028	0.954708690157064	-0.0701217099074382	2775
row455	285.2711650000678	3.3373859663144376	0.9584530063966089	-0.0628190190026549	1401
row456	185.08215718587243	6.6905969748263665	0.966193239729478	0.050497752179594	819
row457	212.00256886975518	6.978125763546344	0.9712478962151279	0.0403760751468191	1011
row458	163.06141424798346	10.407371644643735	0.9712478962151279	0.0388441643678609	641
row459	254.22078840699916	3.3830629874261087	0.9925922761537221	-0.00931957310807865	1278
