massfeature_rows	m/z	retention_time	p_value	statistic	CompoundID_from_user
row1	148.07345756155544	11.915376878181446	1.70727114761021e-07	-7.23024757293279	633
row2	147.07640748274954	11.905213776127336	1.70727114761021e-07	-7.0509951067664405	613
row3	905.5937710121028	2.9989393770564763	1.70727114761021e-07	-7.0486083823492	3109
row4	810.6000113236278	3.1712747307827622	3.35470261494961e-07	-6.77356049711558	2989
row5	126.0219806871916	12.209535511372454	3.35470261494961e-07	-6.770043498975902	324
row6	782.5687384354442	3.204236220992103	4.30001297253182e-07	-6.6684210863749005	2936
row7	812.6144790649414	3.1738542476404548	5.390927007915628e-07	-6.54717532883281	2992
row8	784.5840506302683	3.1956754108132674	5.390927007915628e-07	-6.528308008961519	2938
row9	835.6033615604524	3.1581256673739664	5.390927007915628e-07	-6.518784092973889	3026
row10	171.0764231430857	11.892799220401725	5.57053494646516e-07	-6.4749135482602	951
row11	169.05836848208781	11.897038272605002	5.57053494646516e-07	-6.4536779860596205	926
row12	785.5879516601562	3.2024338052303265	5.57053494646516e-07	-6.4425702118820585	2939
row13	101.07095439850336	11.929978879334824	5.59788397513915e-07	-6.42233416728605	101
row14	191.040284656343	11.911427014102307	6.842034810412721e-07	-6.356761102000481	1236
row15	148.04266542004	6.714252903696113	7.38414680126678e-07	-6.29985441810781	626
row16	131.05327114306002	11.88734120795674	7.38414680126678e-07	-6.298263512255431	397
row17	837.618204752604	3.1507679296929143	7.38414680126678e-07	-6.292076147075	3028
row18	130.04992655703896	11.890277826892214	1.1824035062790702e-06	-6.1652885036289	365
row19	170.06167554098462	11.90249255506668	1.6282683198948201e-06	-6.07504155172643	940
row20	258.1100018149928	11.350615870550547	1.7605161665436799e-06	-6.043737165084161	1993
row21	133.06077505412858	10.333907314956184	2.2897917751872e-06	5.96814234914652	425
row22	149.08066248893738	11.907904572957134	3.67319592916669e-06	-5.84158196089237	659
row23	166.05330748307077	10.840145684201557	3.7649492321040703e-06	5.8246663215134005	893
row24	495.3275594559927	3.861196866296261	4.74239593883371e-06	-5.755592531097231	2695
row25	834.6000561714172	3.156962816942129	4.74239593883371e-06	-5.7396615574195815	3025
row26	836.6139644499748	3.1561264739296693	4.74239593883371e-06	-5.73793604614928	3027
row27	520.3400409096166	3.764698097898109	5.620660255442961e-06	-5.6867787700175585	2720
row28	176.03766284072609	6.714380459353793	5.9349134603802e-06	-5.66436788948709	1031
row29	380.2558107376098	6.713701956844809	1.85147582431858e-05	-5.37195201796823	2549
row30	380.25582956167364	4.248077275139069	1.98845712489432e-05	-5.345422901450942	2548
row31	787.6035939266808	3.1828694994031235	2.19817406018054e-05	-5.3104348447346785	2944
row32	786.6000470613177	3.1871777436438435	2.19817406018054e-05	-5.303792394885269	2942
row33	176.07406287357722	4.276906994865536	2.70177363425733e-05	-5.24369075763954	1034
row34	112.05056200027464	9.76502164353295	3.11518876750075e-05	5.19985369543206	168
row35	796.6194324493408	3.177729068771112	3.17755810452974e-05	-5.18740376122266	2963
row36	807.5720968535452	3.1823487249259754	3.3023116679784804e-05	-5.16709177215692	2982
row37	792.5890053196957	3.17424326168862	3.3023116679784804e-05	-5.15886755268693	2958
row38	171.07645948309647	9.235934544397882	3.3023116679784804e-05	-5.156553704311151	952
row39	809.5875447591147	3.185168864235512	3.38950371268151e-05	-5.1432359688360085	2987
row40	743.5770635431462	3.2019822291768096	3.55426964019182e-05	-5.12458478614559	2876
row41	206.1273452258501	9.281201471607208	3.71982384257869e-05	-5.10656454646932	1449
row42	766.5738016764321	3.192845464594204	3.8676419938730105e-05	-5.09035775943864	2912
row43	469.3119622055365	3.974227894946392	4.36587365994185e-05	-5.053090946289831	2666
row44	512.334872713956	4.200786223475737	4.54642039758288e-05	-5.03669821608991	4343
row45	523.3591457166169	3.73649391466906	5.0739573162851e-05	-5.00249054183552	2725
row46	522.3558831465872	3.736986901958506	5.36640625193703e-05	-4.98226507015321	2724
row47	130.04995717500387	9.235738236152981	6.53170950016073e-05	-4.9255578405274	366
row48	770.6031951904297	3.1982725889677845	7.289287715334721e-05	-4.89140286333069	2921
row49	759.5722881116368	3.2158704317039812	7.610657593318109e-05	-4.87471382749405	2898
row50	136.0427669178356	10.099289180795346	0.000105624662828261	-4.7831897010110485	459
row51	767.5771116059402	3.1909653266929685	0.000107751787882948	-4.761863608884389	2913
row52	194.1468843732561	4.1319048248802615	0.000107751787882948	-4.761438937905299	1299
row53	241.03100315217048	12.597870757674437	0.000107751787882948	-4.75704733986691	1839
row54	191.08493292331696	9.80184624307863	0.000107751787882948	-4.756192827269599	1238
row55	758.5688291850843	3.2135804173217304	0.000107751787882948	-4.75270248155088	2897
row56	213.02221650897332	11.904522592934331	0.000112943785421376	-4.7354476931560585	1517
row57	794.6050793092642	3.173322675393975	0.000117750962462829	-4.719678319758559	2960
row58	468.3084357766543	3.9705792974931056	0.000147052766961065	-4.65579790594571	2664
row59	814.6262374014224	3.1529000260658964	0.000151247603786943	-4.64369623606207	2997
row60	757.5567353347252	3.2222141527784682	0.000167978285450052	-4.61104784266365	2895
row61	496.3396791156969	3.8194716747786335	0.000176124628706736	-4.590228712434951	2696
row62	568.3397577459162	3.674881070206532	0.000176124628706736	-4.58949130376962	2763
row63	498.34583282470703	3.813956823367649	0.000178775514250012	-4.58115689628131	2701
row64	497.3431362352873	3.822709234947065	0.000191758800849237	-4.55799118670826	2698
row65	482.3242121244732	3.85737394875471	0.000198102549889745	-4.5450014626823485	2678
row66	510.3556785583496	3.7555667299139857	0.000263707805070697	-4.46312917861476	2711
row67	832.5839935878537	3.1621105008565693	0.000348800501148562	-4.382338333194	3022
row68	132.05415382385254	11.897504272757521	0.000517419979788166	-4.26890717416722	410
row69	161.0923203901811	6.730591519022108	0.000556128848378771	-4.24466062943422	835
row70	168.1019774350253	6.714412390984943	0.000556128848378771	-4.2406336314968405	3577
row71	400.34202806877363	3.7688438162451448	0.000593558203458308	-4.218389883891311	2600
row72	904.5903413192084	2.9967184966263014	0.000612289143929437	-4.20572773766609	3108
row73	213.12338502945443	6.713599596972838	0.000612568584540637	-4.20171898184916	1526
row74	756.5531342450313	3.2379690459708006	0.000653273649800987	-4.17975687304839	2894
row75	172.0968251479299	6.710384376071064	0.0007469870513841268	4.138034772128671	970
row76	797.6236220537606	3.1602520058825827	0.000784230284551025	-4.12045632903753	2966
row77	158.15401699668482	3.6147946429762916	0.000893900509301823	4.07683334085021	785
row78	769.5926121303012	3.1880956485680785	0.000893900509301823	-4.0757291195018	2918
row79	148.07970658393756	11.903578089878053	0.00096377576250629	-4.05052161896571	634
row80	799.6681079864502	3.29227476759155	0.00101089942111828	-4.0331959462993	2969
row81	209.09213899311263	9.323316198803509	0.0010259959059041599	4.02535641192519	1463
row82	102.05497522065134	9.799513957381537	0.0010301658627373	-4.02065486780176	109
row83	150.05838434319747	9.801560467510669	0.0010369454718298801	-4.01527155915514	667
row84	806.5687849017938	3.1798349846770173	0.00104831311242025	-4.00867308365314	2980
row85	545.3430971891984	3.7169377354093087	0.00109205829852334	-3.993446846144981	2745
row86	689.5586529632112	3.4458984040611678	0.00120777571456929	-3.95887758008144	2837
row87	147.07638807857737	6.878839972532079	0.00120777571456929	-3.95751374814726	614
row88	788.6120846396997	3.1883200045755458	0.00124273202203845	-3.9458932215335096	2949
row89	542.3226473533501	3.78322037280904	0.0013378094658734801	-3.9211061489704	2743
row90	181.0720427293044	6.703730118801477	0.00157182389684147	-3.8705828924887	1100
row91	120.0808048248291	8.854499598965873	0.00176041207299069	3.832016833361069	264
row92	287.2215092307643	3.3367347899412936	0.00176041207299069	-3.83067050624521	2230
row93	152.05416253033806	9.800490879735172	0.00177914059952652	-3.823375330790221	690
row94	217.10714016538682	3.7185520069170006	0.00177914059952652	-3.8192940938765	1580
row95	104.05283815720502	9.801547535280642	0.00177914059952652	-3.8180335762126703	121
row96	742.5739977155413	3.210162847197511	0.0020153401558956198	-3.77758769599592	2875
row97	288.21679216272685	6.710575387813409	0.0020153401558956198	-3.77476745674693	2235
row98	772.5841475777004	3.2090239941698546	0.0020247855311284198	-3.77031102115766	2923
row99	207.1128806064004	8.850467543611357	0.00207581745741098	3.75843175350022	1450
row100	615.5388493691721	2.9921706546524263	0.00207581745741098	-3.75683482429537	2800
row101	279.15896526135896	3.3596950838369133	0.0021697475835588697	-3.7405989195841096	2151
row102	84.0442725231773	11.882381163503108	0.00231548472906751	-3.71811010669598	38
row103	167.08961125424034	8.857153671083873	0.00259396847930919	3.68089038647594	906
row104	494.32407618931364	3.8649246277064218	0.0026322597683776	-3.67352632987426	2693
row105	795.6087868430398	3.1704207339950474	0.00279037799597891	-3.65291612071929	2961
row106	676.546512075571	3.4645076315949384	0.00299383225449975	-3.6285915309548	2832
row107	119.01619202750072	10.097554040691968	0.00315589836081837	-3.60960704267742	253
row108	133.03179997983187	9.801642939217606	0.00322467179975331	-3.6001523834486697	423
row109	813.620170710637	3.167355073023148	0.00332415133222863	-3.58799888404688	2995
row110	304.21173236553483	6.7225817387372375	0.00342152812758855	-3.57631202201252	2320
row111	205.1264040205214	9.29280034267381	0.00343258807917253	-3.5725319573402405	1441
row112	745.5926278921272	3.1969129754988503	0.004092069642417271	-3.51310565384939	2881
row113	302.23251875620036	4.370994817087583	0.004092069642417271	-3.5126097264203	2315
row114	151.04779716159987	11.872232773025232	0.0042137519511149715	-3.4981399724073703	676
row115	174.08740496279592	11.517982648461466	0.0042137519511149715	-3.49801847420562	1002
row116	142.12273035551368	3.8034609123548218	0.00431031832457727	3.48824426562841	535
row117	316.24817137787306	4.315124863489827	0.00474979652383487	-3.45514099240987	2384
row118	814.6869326139753	3.2671478973107004	0.0048372028170979705	-3.44673264966777	2998
row119	781.5560995434957	3.2225692162120723	0.00577908811867022	-3.38448379622658	2934
row120	179.127837532445	4.375178398752974	0.00577908811867022	-3.38439977199974	1078
row121	219.14204296167347	8.414122199886636	0.00577908811867022	-3.38250112929142	3867
row122	811.60400390625	3.1664475966712717	0.00578579290214009	-3.3795124963255696	2990
row123	230.09579192614947	11.951036929785865	0.00637649209999582	-3.3458631048297995	1724
row124	744.5532271067302	3.195004986122018	0.007101727543672991	-3.30864083561826	2877
row125	815.6969108012186	3.3167827055011414	0.00759256877238015	-3.28444396761494	2999
row126	773.5876270162648	3.2031847475751585	0.008111179714170741	-3.2604051523953803	2925
row127	127.08659606144346	6.717903104634009	0.00814977833966786	-3.25628640105193	330
row128	283.1034067327326	7.638936587781288	0.00820676835605243	-3.25146074089006	2192
row129	701.5587664152448	3.4205349542944568	0.00832664573739405	-3.24203918908148	2842
row130	288.2168204171317	4.384022985095052	0.00832664573739405	-3.23981756763506	2234
row131	783.5721797688803	3.2044670684797745	0.00832664573739405	-3.2391683943506897	2937
row132	165.11223471792118	4.267475591169922	0.008701928724990371	-3.22225399037593	885
row133	218.13872538114845	8.41637103850833	0.00880157684934592	-3.2153682412141	1591
row134	151.06173039825867	9.799460908142995	0.00880157684934592	-3.2135858859585	678
row135	808.58344708067	3.1691686547228097	0.00942073294254135	-3.18876635682464	2985
row136	880.5899320660216	3.0012072328324013	0.00981924861642585	-3.1726385885400004	3083
row137	190.08622629502239	6.717570800151284	0.0098422491503461	-3.16943894444263	1229
row138	154.07240237611714	9.03697799012916	0.010017444997959	-3.1611815221722	4735
row139	151.0579272576098	9.807276094071767	0.0101426675721626	-3.15466225024736	677
row140	123.05528043445787	6.715846041707633	0.0104300475652984	-3.1429894478164	298
row141	180.15944360431868	3.7993752859691465	0.0104966980447083	3.138497987978	1089
row142	163.13287734985354	3.7994672006916432	0.0107563454036701	3.12799171024088	862
row143	164.136320013749	3.800138472932415	0.0109082433371871	3.1192642754399103	878
row144	518.3220455771998	4.006677905106587	0.0109082433371871	-3.1186319055695497	2716
row145	239.1641000711693	3.5122459269786077	0.0109824606890878	3.11404699896204	1829
row146	190.04985789248818	6.7110412271767625	0.0112124708603906	3.1047982296913497	1221
row147	275.1033547384697	11.891297595769975	0.0113645073821236	3.09798655108131	2114
row148	768.5890444402826	3.1956967501615114	0.0115788712227122	-3.08942561085094	2915
row149	499.34838518415177	3.821352176761092	0.0117516013672441	-3.0821725054379505	2703
row150	107.07027776617753	3.8081084991421936	0.0127330152926185	3.05280437596284	152
row151	234.13358319600425	3.7269341891864696	0.0127422688545058	-3.0503050955831097	6915
row152	172.07971515394237	11.896549184929139	0.0127800616934051	-3.0470609216155298	967
row153	203.05238235473632	12.05103861917583	0.0130828577909612	3.0351969498508704	1401
row154	544.3396243533573	3.713008301796713	0.0130828577909612	-3.03466143254096	2744
row155	120.06554317474364	9.577770676367102	0.0137249789255089	3.01612023805737	259
row156	130.065154281317	6.726810434132585	0.0139145788310169	-3.00923242185376	3317
row157	301.98991324684835	10.403313712017546	0.0144530796426349	-2.99403413871203	2303
row158	424.3419207556773	3.702544347380033	0.0160907256842369	-2.95475282667939	2620
row159	786.6569239298503	3.3011916889778767	0.0160907256842369	-2.95267596519908	2943
row160	524.3713559602436	3.70290365191268	0.0162682465385636	-2.94670313150837	2726
row161	133.06076973362974	12.100211214315117	0.0168488411662926	-2.93097265337314	424
row162	525.3746976350483	3.701200725019096	0.0168488411662926	-2.92889689420457	2728
row163	675.5432167590502	3.4637869472566587	0.0168488411662926	-2.9280708003837	2830
row164	232.1543136395906	7.606980700398988	0.0174067354441936	-2.91458481228876	1754
row165	146.08119874251517	8.329311348282669	0.0177685157649492	2.9033408679142405	599
row166	183.11287488435443	6.716411567771383	0.0177685157649492	2.90315886694554	1122
row167	305.25148667229547	3.3461611640103928	0.0189574748514958	-2.87832379972347	2332
row168	105.11056381908816	16.701105026559926	0.0197658488997259	-2.86149896033171	137
row169	151.0615100315639	7.645469537269928	0.0212818164821804	-2.8332143126886	679
row170	195.0877855535139	4.3756497838847945	0.0219359396661794	-2.82033848184741	1312
row171	519.3254619397617	3.992892248019908	0.0223513255863026	-2.81155182216536	2718
row172	426.3576013776992	3.6818471088654174	0.0249036873965551	-2.77065527162094	2629
row173	203.1391557392321	10.335186369278347	0.0252723864944654	2.76325968743081	1405
row174	147.07640584309897	10.106347763020931	0.0252825347402684	2.76103234812426	615
row175	273.1858120542584	3.4516346936201194	0.0272904342476828	-2.7312409518062504	2096
row176	199.10779196529063	6.744358364751928	0.0273016422563336	-2.7290174036818904	3750
row177	744.588998545771	3.2089196054980627	0.0322162368276266	-2.66622012102552	2878
row178	310.20132788296405	4.372400638695651	0.0327265988833637	-2.6583207691295896	2351
row179	780.5525822358973	3.2155825207703512	0.0335344528793784	-2.64720062587915	2932
row180	176.07068128988774	8.296194240099995	0.0338319361486931	-2.6418488794063	1033
row181	627.535191050747	3.006606037308398	0.0338704428811963	-2.6393652309029303	2804
row182	204.12314174049786	6.7126722887246	0.0363433999914501	-2.61099852956565	1420
row183	188.07065762971573	9.955921125080977	0.0365232669046725	-2.60709404356149	1189
row184	280.2350727026013	3.0771884240457834	0.0373831012250382	2.59630929921018	2175
row185	287.0999953746796	6.7203394728033174	0.0384418162648091	-2.5818712934750696	4109
row186	234.01471499739026	9.796805357030804	0.0384418162648091	-2.58171584632458	1766
row187	159.07646289624662	12.419902031046634	0.0385804488333413	-2.57833212442453	798
row188	155.106687515501	4.195650174830067	0.039015912024817	-2.57207293458979	726
row189	546.3552521599663	3.6914367801350094	0.0393295591703857	-2.56703342769426	2746
row190	157.0801659634239	11.77245939878226	0.0398238793230294	-2.56029714567229	756
row191	314.2324535972194	4.369893471732143	0.0400559252028637	-2.55604027635716	2371
row192	110.0712970934416	11.779787574623851	0.0400559252028637	-2.55411420825193	162
row193	614.5354108418503	2.9848033269498813	0.0410935166347247	-2.54240289294914	2799
row194	235.08041556936797	11.8522790908379	0.0414591233954958	2.53705274435348	1784
row195	154.058688856151	11.713372281395845	0.0428293347275547	2.5226518890507403	714
row196	267.17182456122504	3.3678814457377166	0.0444957517998686	-2.50603203517253	2051
row197	237.05221221026244	10.410570613350528	0.0445284601616577	-2.50379042860994	1808
row198	205.09726213154042	9.956052809509824	0.0454084118076221	-2.49365581997536	1439
row199	334.29506645828	3.005611301938523	0.0454084118076221	-2.49235016137985	2445
row200	115.08663323051051	9.181315752404812	0.0488108416740377	2.4623562774580203	198
row201	575.4667115388094	2.9797170473068224	0.0488108416740377	-2.46045330853958	2767
row202	206.1005692732961	9.956545273972079	0.0504349096077129	-2.44574608046898	1448
row203	199.0966172987415	4.365368886246906	0.0525688561699669	-2.42757082602831	4907
row204	140.01075387001038	3.3623360157459743	0.0569160011369621	-2.3942787133163903	507
row205	547.35849609375	3.70293120627928	0.06057175539501501	-2.3675663401641898	2749
row206	558.4730518482351	3.0416601555919747	0.0613653750136256	-2.36041834285402	2757
row207	801.683343275538	3.2942392779317653	0.0660179854753483	-2.32910534943615	2973
row208	150.0583741037469	6.720353058738207	0.0661045725871373	2.32663043142242	668
row209	236.07280448175248	11.855640399960766	0.068101649150106	2.3126450662590803	1796
row210	176.1030119845742	12.423529798083589	0.0691477280532194	-2.30451943015592	1037
row211	254.0259110734269	10.79610836861808	0.0701731077038883	-2.2965976683390896	1963
row212	232.11794593117455	4.3708925010277735	0.0733223540665388	-2.2767344295547103	1752
row213	105.07399589137027	10.225873691258483	0.0744967262249713	2.26828766535388	134
row214	140.06820021735297	9.595225051952097	0.0762189141230667	2.2564481782400696	510
row215	268.14026608674425	9.218414129604913	0.0762189141230667	-2.25504022105277	2057
row216	314.2324299812317	6.710010010680713	0.0785166224781896	-2.24085593080836	2372
row217	221.1536908663236	3.4093031732163683	0.0793185518252303	2.2347328809581	1631
row218	117.09100897270336	4.1230867529556345	0.079532913539721	-2.23170614513341	3256
row219	134.08102366798806	11.705495028093779	0.0800601665262747	-2.22706159915432	443
row220	212.99954367972708	10.805193082873409	0.0807755785807659	-2.2214668697079705	1516
row221	177.1063359913073	12.423397602698483	0.0811918223539638	-2.21743733846014	1053
row222	344.2795088026258	4.104621898015338	0.0816284661544817	-2.21331825650994	2480
row223	663.4531615407842	3.0705901274254126	0.0832110051908121	2.20341693621847	2824
row224	106.049880680285	12.46845194509683	0.0871108351864762	2.1821307108042403	144
row225	521.3433750036991	3.785431394456027	0.0871108351864762	-2.18043643391758	2722
row226	317.26857081821987	2.9927825446927505	0.0883502622421191	-2.17180814595129	2392
row227	760.5838554783871	3.2065941547159347	0.0883502622421191	-2.17074142338911	2901
row228	594.5090077718098	2.9782123068317388	0.0891744102942305	-2.16495572246919	2780
row229	149.1173115292111	4.016660077059436	0.0900065671863902	2.15916659519083	662
row230	218.13847305525601	4.217198410712295	0.0940453813726985	-2.1386433322093703	1592
row231	246.1331817894651	6.711182049198659	0.099046971628667	2.1145963628747704	1889
row232	703.5744416086297	3.412565207735073	0.103154344629616	-2.09521832021542	2844
row233	104.07060181467155	10.220390181092343	0.111428974157402	2.05980174866991	122
row234	145.10529708862302	9.198500943139116	0.113128725168323	2.05129972473922	588
row235	497.3431181907654	6.690229959096878	0.114268083178784	-2.0450315766340603	2699
row236	204.12316850934707	4.373707384973079	0.11698823784305	-2.03280988405846	3779
row237	188.1281914089037	4.394184008851797	0.12035080134005803	-2.01841805325017	1195
row238	189.12342081571882	10.435195653960854	0.121894124969453	2.0108999244304697	1213
row239	733.5568319653707	3.2348017413964665	0.12236815535932198	-2.00704202820595	2868
row240	114.05500411987305	6.711707524579537	0.12236815535932198	-2.0054561713557897	181
row241	304.24814770672765	3.338350094993571	0.127683897561383	-1.98242990398738	2322
row242	128.07060296194894	6.7125565727089045	0.127683897561383	-1.98212556150879	5793
row243	199.1693437937144	3.355414968207912	0.127683897561383	-1.98091975688421	1359
row244	268.1751722063337	3.3842743090302627	0.132261869522361	-1.9632346503516496	2058
row245	214.09088785140239	4.637419113762914	0.13494537304174	-1.95231341941489	1533
row246	286.20105970228036	6.7128518389247676	0.15411824887698802	-1.88970338770569	2225
row247	757.6210243918679	3.3754228403024573	0.155249431640064	-1.88444489116004	2896
row248	730.5934420498935	3.3866545983978464	0.15560005629860096	-1.88152880467278	2857
row249	189.0738882767527	9.953179642057409	0.16056356379298198	-1.86506792745605	1205
row250	158.11763557227889	4.3911913241783065	0.161094380557656	-1.86166037090906	778
row251	704.5778045654297	3.414844959720623	0.16572201382486	-1.84654660713142	2845
row252	144.10200201946756	10.312779165546107	0.16852933220771202	-1.83678835404096	569
row253	132.06189587241724	9.282420448092054	0.16977226959565606	1.83146254189015	411
row254	761.5877621299343	3.202331508325804	0.17076863598713302	-1.82684089219749	2902
row255	597.508512878418	3.002259858849264	0.17112125921258498	-1.82401037426729	4370
row256	184.09693105597245	4.413519423829954	0.17115566774661906	-1.82206494779176	4855
row257	168.12307760160263	6.6964285201343845	0.17272330989353002	1.8159026385896495	922
row258	174.1125615437826	6.7107173143888526	0.17302536507932198	-1.81323272392265	1005
row259	247.09239354626885	9.238474575905522	0.175854299488871	1.8036882301599	3990
row260	244.19077847455003	3.87308355631064	0.176534931795207	-1.79912817402248	1870
row261	316.24815979003904	6.708541543304159	0.176534931795207	-1.798182887249	2385
row262	680.4798230622944	3.0730698108410635	0.180559543302175	1.78558119726568	2834
row263	143.0816130802549	10.331214603677404	0.181312002948102	-1.78176169223874	544
row264	129.06584555203798	10.937779242242613	0.18131908741156105	-1.7799219899218797	3305
row265	182.13882136989284	4.2710857376919735	0.181951438563668	-1.77643416365246	1110
row266	735.5724169756917	3.224308346427846	0.182463827084444	1.77327090523722	2871
row267	746.6043352399554	3.1912716127030603	0.187725742648325	-1.75774472840332	2883
row268	143.10674122401647	4.386058918834824	0.19037846636779696	-1.74913456371623	3390
row269	249.1848550684312	3.4233828864135667	0.193661269307621	-1.73901226595383	1911
row270	138.0429235346177	9.043198524307083	0.194567482332149	-1.73492828785991	487
row271	239.14864931608503	4.382275184523638	0.19715302352329805	-1.7250226993213895	1824
row272	200.1726917521159	3.3625056369136423	0.19715302352329805	-1.72487123527142	1372
row273	131.08155933179353	11.796904426519575	0.19861408406890105	-1.71820244615571	399
row274	246.12364485457138	9.960300246478466	0.19861408406890105	-1.71532057666649	1887
row275	702.562222454999	3.435089910946078	0.19861408406890105	-1.71528517036246	2843
row276	178.07238173811402	9.039378480775728	0.19861408406890105	-1.7140888951636002	1068
row277	226.180166391226	3.892970266829463	0.19941391141681306	-1.7103336966872298	1669
row278	299.25800904231284	3.0500950654717767	0.20469367217684695	-1.69494272960082	2289
row279	111.11682713826498	3.3565924456217613	0.20469367217684695	-1.6938831634599298	166
row280	149.06382762363978	11.764188434727338	0.207156923552159	-1.68617827473393	658
row281	153.06587871752288	6.759419422531649	0.20846247361575	1.6812843697162398	704
row282	218.21148159629416	6.699375115623888	0.21302730021591	-1.66871341984289	1599
row283	91.05829605303312	11.7939896103001	0.213840776867082	-1.6650372122412398	73
row284	195.1228214317644	4.4042217362828895	0.21532199535773006	-1.6598126055249098	1322
row285	134.08116902531805	7.233704548063106	0.22124793590893105	-1.6426409240215	444
row286	200.0543655189308	9.03911797825918	0.22124793590893105	-1.64078564045779	1364
row287	236.07285153865814	10.871250902928736	0.22124793590893105	-1.64073987191881	3945
row288	154.06922872442948	6.7642653449454535	0.22124793590893105	1.6389809592188302	716
row289	732.5535802706868	3.2473380615888936	0.22124793590893105	-1.63735513269962	2863
row290	90.05497520848324	11.795002021808903	0.223525039572198	-1.63042199823904	67
row291	242.2840959649337	6.711016648390538	0.22421347910654	-1.62711578311021	1844
row292	160.09684693185906	6.718471265040367	0.224352745313274	-1.62505846393275	824
row293	248.14916821183832	9.477529284089897	0.228311229510714	-1.61441539480282	1908
row294	265.11811306602084	6.7113218514429605	0.22841035469946205	-1.6124554457079898	2038
row295	146.09245501624213	11.939703877488064	0.22971630248452105	1.6078080221138302	602
row296	344.22783126831047	4.196602546648147	0.231141185022173	-1.6029111271071002	2478
row297	175.00174867784654	9.034963602112628	0.241704322519307	-1.57815194229054	1016
row298	136.04823260240153	8.55757372318557	0.241704322519307	-1.57643469394912	460
row299	239.12776327824244	3.5980156343491454	0.242984865517414	-1.5719623799514195	1819
row300	204.95096496055862	9.664394622912038	0.243949341333915	-1.56817486859559	1432
row301	232.1179187877758	6.709327914186286	0.255870211901482	1.5415386470966297	1751
row302	87.07891917228699	11.710339667684732	0.256416727402051	-1.53867763994403	58
row303	163.1158139078241	10.741886162778137	0.256938801229964	1.53527868943239	859
row304	664.4566946847099	3.0782823071933034	0.256938801229964	1.53171001058429	2825
row305	138.04918062364732	9.040450575617706	0.256938801229964	-1.53004235611505	488
row306	729.5899542150363	3.3867628619054773	0.256938801229964	-1.52907129726659	2855
row307	164.1194361636513	10.739304313103368	0.256938801229964	1.52896643436277	877
row308	315.23586303710937	4.37261360318924	0.257187748688275	-1.5267403108679	2378
row309	209.1536945615496	3.6098660419416637	0.271766973291729	-1.4942348698597698	1468
row310	159.0277862548828	9.033752571187769	0.271766973291729	-1.49401690345848	789
row311	266.12151918572897	4.457116633649044	0.274629853925625	-1.4866820292670602	2043
row312	148.06041998612253	11.758435423886752	0.27761007151719497	1.4781806137206102	630
row313	329.17396462930213	10.399945148874666	0.27761007151719497	-1.47744048755179	2425
row314	133.09902106391058	9.288055979177491	0.27980006684442105	-1.47148763475597	436
row315	118.0498737700998	9.115662447830116	0.284315466718664	1.46024089705566	229
row316	184.09689919607982	6.711114175196259	0.284315466718664	-1.45939599598221	4854
row317	187.09654182111717	6.709446793269004	0.28485167119111104	-1.4566600535095	1174
row318	289.05334899902346	9.967245660668516	0.28779321908535604	-1.449363783954	2242
row319	163.10959444547953	10.740621976630173	0.28836704935819	1.4465687033936203	855
row320	256.17532649793117	4.382531537834295	0.292710161018924	-1.43669609496409	1976
row321	619.4907287597656	2.9279174575490163	0.293846229721481	-1.43286605825167	2803
row322	610.5042018605702	3.0140199443476803	0.297644960365891	-1.4241057999803897	2793
row323	343.29546718910086	4.114811878221094	0.301171863912713	1.4159069186836395	2476
row324	249.06096201578774	9.958255298709553	0.30205267023549703	-1.41258675786863	1909
row325	236.07293174050068	4.665164925814857	0.310744485294121	-1.3951410234910602	1798
row326	171.1016386783484	4.370239495754996	0.31830430371267604	-1.38000094290423	955
row327	133.06886759440104	11.573744911977107	0.318337438557482	1.37822597120066	427
row328	164.11646431370787	10.739677371317851	0.318822638664877	1.37565861744527	876
row329	592.4934650577911	2.9753157948839624	0.3204029917894881	-1.37117030836793	2779
row330	194.09249003092447	6.790092146384414	0.32659230407605	1.35867080393209	1295
row331	204.12314158121742	9.29506392193782	0.32799301315457696	-1.3545370273763702	1419
row332	297.24240404939	3.21416279389951	0.32998946542255203	-1.34782699988556	2286
row333	125.09614275322586	4.376784529503688	0.32998946542255203	-1.34767839339334	318
row334	342.2638501619038	4.150324388561455	0.33045080261625703	-1.3451803331137402	2469
row335	613.523046875	2.99142322571004	0.33184495887034804	-1.34108290892859	2798
row336	214.25295069597766	6.776713167048488	0.33422854025049104	-1.33530109518921	1544
row337	133.105275706241	9.284005343110543	0.339887077121632	1.32398987384482	437
row338	132.10193634033206	9.282681149935259	0.340816636600524	1.32072013507696	417
row339	185.11738916345544	4.386963264911018	0.34185359674412896	1.31727425692576	1149
row340	229.15470183523084	10.556936784077118	0.343871026675141	1.31218727134923	1713
row341	180.0655281278822	6.710781918318528	0.349169465778205	-1.30165014269383	3642
row342	188.12816047668457	6.711557944766732	0.349988161320338	1.29859446127481	1196
row343	138.05500683031585	9.885743170205384	0.351967163707489	-1.29362364464639	490
row344	239.13890497308037	6.702230234426535	0.35368530509670204	-1.2890949459128798	1821
row345	180.0655677951112	4.602531906134013	0.35477854406984904	-1.28560304056754	3643
row346	160.13324591231674	7.384859965023493	0.3577288503465421	-1.27766509718528	827
row347	705.5815345362613	3.413846130202596	0.3577288503465421	-1.2773830579960002	2848
row348	816.7016869906721	3.3019741241014704	0.35944081456264504	-1.27289751769083	3000
row349	595.4927832760027	3.0004926450268137	0.359614092029673	-1.2709301337823602	2781
row350	217.12954351637097	11.641434877621426	0.3639885433203471	-1.26213179584485	1582
row351	763.5949494332979	3.2031924929424407	0.364148152340533	1.26019036269946	2906
row352	128.0706107003348	9.77143839512643	0.36513166235649297	1.25691759890149	338
row353	198.11256075577	6.714493681125821	0.3695491257838421	1.24811732073248	1341
row354	130.08632418983862	9.51387876833952	0.3754539039423139	1.23700685396098	372
row355	202.18019206488307	6.865633504354621	0.383224874449935	-1.22286768255944	4923
row356	139.05026079260784	8.153842748035263	0.383224874449935	-1.22137834170988	500
row357	175.10780896638568	10.843592599174952	0.385606489383979	-1.21596740430935	1022
row358	159.1573577649666	3.613785498065096	0.38849504773545296	1.20978289756389	810
row359	182.08128105966668	10.82531240268192	0.39082469288336	1.2044840003191295	1105
row360	225.14854845319482	3.588816430634321	0.394459874149032	1.19629585859346	1659
row361	181.1627715858253	3.806652687254029	0.394459874149032	1.19550220746266	1101
row362	136.07574593393426	10.826933532124851	0.41141715139693297	1.16807748723947	467
row363	253.1545697064467	4.143023978243436	0.411768664133993	1.16585358683404	1960
row364	132.0655572221086	8.341784729399677	0.412257481721634	-1.1634271345976002	413
row365	186.1125254380076	6.710805629729081	0.4136347409041111	1.15823724894541	1155
row366	173.12855569939862	9.280484460659867	0.4136347409041111	1.15798516433499	996
row367	114.09845822477993	8.604319505655925	0.4200200165192911	-1.1467998347973505	187
row368	183.0845960315905	10.8254468782451	0.425100953453921	1.13761749714166	1116
row369	133.0737957201506	11.69105433988758	0.435288304801124	-1.11910659119181	428
row370	229.15466378864483	8.612649724016922	0.435288304801124	1.11852750372519	1712
row371	133.08009980854234	11.690778763519699	0.435288304801124	-1.1176782420806202	429
row372	156.0768249099319	11.775429691073866	0.4392688419236889	1.11019058291105	737
row373	124.08699295737527	10.356122165732273	0.4392688419236889	-1.10853701242769	309
row374	158.08122460047403	9.010903865083996	0.4471864338730701	1.09550013878116	3502
row375	272.1854264479417	6.709986455925537	0.447661437496986	-1.09153957781901	2094
row376	76.03931125841643	12.388619487834339	0.447661437496986	1.09142483971185	18
row377	762.591349283854	3.205705107949221	0.44943459148580106	1.08720468700445	2904
row378	260.1854917611649	6.714525746964843	0.449435425173332	-1.08550962172833	2006
row379	170.1176111433241	4.383303678842286	0.451691126470724	1.08055180180757	943
row380	265.11813668643725	4.433586925596212	0.451691126470724	-1.0789208673204	5128
row381	286.2010930727606	4.396540076744548	0.4535272184426961	-1.07419841029834	2226
row382	161.09209030552915	11.603677428486135	0.4535272184426961	1.07294028389378	834
row383	202.14387217203773	4.381675711404248	0.466263401462004	1.05334061351663	1393
row384	150.11252065022788	8.214053550741392	0.46690448031543	1.05075203667689	670
row385	785.6511273451255	3.294462706805513	0.466914088401187	1.04904599078001	2940
row386	130.04989466947669	6.711711130463402	0.4673055852644111	1.04681010450787	367
row387	162.07612001723137	9.365075032025311	0.469322202840494	1.04152643692418	847
row388	148.09682331914487	3.803935410334783	0.469322202840494	1.03955316298685	637
row389	89.05965290898862	3.8036427004898505	0.469322202840494	1.03894193420513	63
row390	165.05470225685522	10.828761337969253	0.481441572328376	1.02049641577655	883
row391	139.05022109182258	9.674392838765872	0.486042893188335	1.01250902580599	498
row392	261.120855102539	6.699688971475017	0.486662670935068	1.00996938623284	2012
row393	148.09682637532552	10.946789953655117	0.487958638352315	-1.0062505116001	641
row394	131.08965452093827	10.31367921577922	0.487958638352315	-1.0048197382359	401
row395	248.14733586166844	7.692649650255878	0.489940808529434	-1.00043041486368	1907
row396	144.10195886521112	10.818524745804071	0.491358829601192	0.9968134771265772	566
row397	213.09843031026543	4.66011704545461	0.503514336758826	-0.978719568379164	1520
row398	212.09516548623844	4.631038083133687	0.508961304982771	-0.969748794863694	1499
row399	130.08632408945184	10.315853863827737	0.5324101269405339	-0.9372769121991608	371
row400	157.09724405649547	6.735101100941613	0.5337370935005661	0.933836230836668	761
row401	281.24732427727685	3.0122061043352395	0.548302187119731	-0.9134355127673208	2185
row402	114.05503110324636	8.432705225211821	0.56099190756319	-0.895667757136897	176
row403	262.1436151203356	6.68581912009507	0.56262137676014	-0.8918752653015479	2019
row404	288.22485330369733	3.3390786538676482	0.563058016603243	-0.889579796454239	2237
row405	186.1126770019532	4.394723838920541	0.564753616228042	-0.8857085481605831	1156
row406	129.12738413206287	3.4984818992576234	0.567192146523478	-0.8809109829652171	357
row407	216.12311115670715	6.721134513567388	0.574611047359469	0.8699204996844331	4977
row408	146.1176025658323	4.328233622246572	0.5799003902127121	0.8612606254744449	608
row409	482.36055799211766	3.8697297583481602	0.5799003902127121	-0.8598628258057851	2680
row410	327.1583143535413	10.576629474144033	0.591257573825095	-0.8395301018588052	2416
row411	332.33102329799107	6.716058008532999	0.591257573825095	-0.8394532695081779	2441
row412	166.08633321126302	6.714705224989947	0.591257573825095	0.8379973758903829	897
row413	205.1435591045179	3.4820237722274565	0.591257573825095	0.837848000963082	1442
row414	201.11224090576167	6.700753588143322	0.591257573825095	0.8371065468240799	1383
row415	114.0662480743838	11.687895124058151	0.5934780214293189	-0.8326296722793131	184
row416	272.1854494695794	3.4887643685734826	0.599666240387385	-0.8233086587381659	2093
row417	160.13329997815583	10.699297400419077	0.604118689870175	-0.8161301892615859	826
row418	774.5984905890698	3.196734604284704	0.60950792128621	-0.8065628095361459	2927
row419	157.06084391945288	9.817638553352602	0.60950792128621	-0.806071360393678	754
row420	231.13393944188167	10.577613627032909	0.614423063333549	-0.798367796817213	1740
row421	198.08741019753845	9.103210063299793	0.620242764037074	-0.789596884930121	1338
row422	158.1005857367265	10.573868072242774	0.62370513064784	-0.783674514999141	776
row423	223.0965493854724	3.491222277764685	0.6241323958189411	-0.7813929357893	1642
row424	222.17004153603008	3.4816507259634717	0.6244486639833149	0.7792461514101792	1638
row425	118.0747901013023	10.576762608806213	0.624526425006174	-0.777387492087256	238
row426	113.05967390877859	3.464870436568018	0.625608064190177	0.774325367401122	172
row427	141.065876910561	8.537909691162037	0.630332910714066	-0.7668983035372908	516
row428	328.1617032564603	10.587206752657595	0.6323439165327679	-0.7619877557914642	2418
row429	246.1699047088623	6.863093914226487	0.6323439165327679	-0.76096234448223	1895
row430	104.10696566944391	6.579229157155838	0.634081741296501	0.757120044241325	125
row431	129.06585633127312	11.739301054140348	0.640424818252664	0.747786931190504	344
row432	148.09679239908854	9.105773678945008	0.6450434915289289	-0.7405284896935931	638
row433	193.0949299699169	4.6624185427984015	0.646143904485026	-0.737451812762726	1271
row434	284.3309808949955	6.894121216975247	0.646742164872052	-0.734972076595654	2207
row435	168.06575625550514	6.7156209723479865	0.6499024961211689	0.7294542708596	915
row436	121.0688853012888	11.607215041316906	0.653875842927192	0.722980193983389	273
row437	129.10222498575843	10.882111844876304	0.655848596099615	-0.718876244248542	353
row438	170.0924298604329	10.547890094170974	0.655926371423245	0.715954446744209	10779
row439	338.3416043599446	3.3367859948753567	0.655926371423245	0.7152430436354359	2451
row440	171.09577764223698	10.5260529805561	0.662458137325171	-0.7039885741799471	954
row441	790.622256192294	3.1825200749358182	0.662458137325171	0.7039857616529329	2956
row442	149.10024290818438	10.19240752516658	0.6633937729090671	0.700360592387674	3452
row443	200.02707190262643	10.577422791752586	0.6633937729090671	-0.699341455202472	1363
row444	220.11800760904944	7.997888794121177	0.66372325810019	0.695642391700843	1623
row445	469.3888406062472	3.159793821281553	0.66372325810019	-0.690540229572425	2667
row446	114.0550639629364	9.625828681898508	0.66372325810019	-0.68956304556655	177
row447	175.07143014936298	9.927452198362934	0.66372325810019	0.686991790754969	1019
row448	275.10333221435553	4.730976055328368	0.66372325810019	-0.686580334780032	2116
row449	164.0293822786701	11.59996462623909	0.66372325810019	0.684263229910572	869
row450	228.1225888801344	8.593946557374961	0.66372325810019	0.684161461904683	1686
row451	160.03453098126312	10.568008408569183	0.66372325810019	0.68369508258597	815
row452	247.14402987505932	7.692557805317862	0.66372325810019	-0.683121139042557	1901
row453	174.112584811538	4.3895952929456845	0.6674284396443311	-0.676960784714956	1008
row454	86.09640022803997	9.248329542529863	0.668032834336557	0.674490899670313	49
row455	105.07399033663565	11.149961384775255	0.673527677102948	0.664842197623954	135
row456	171.07645396182414	8.300225233836048	0.673527677102948	-0.664458760925672	953
row457	228.12311062059902	4.3899315022008825	0.6764203190266441	-0.6592743943564859	1685
row458	119.08341081518877	9.608490227774618	0.681285854838058	0.6501560816872181	254
row459	480.3447696940104	3.7776141378142816	0.681285854838058	-0.650001937654994	2677
row460	120.0655581323724	11.604727263387215	0.6976479406061711	0.62898770709739	258
row461	146.11758242155375	10.726533825107673	0.698214083732837	0.6265516784804169	604
row462	191.16419440821602	3.606315649565134	0.700075452697085	-0.622600149856525	1251
row463	162.1124855982114	10.740211669373037	0.701669686717577	-0.6168191259086221	848
row464	216.0584815054229	9.321921923955065	0.701669686717577	0.6163679466486489	1564
row465	117.07394670185292	10.578470986401683	0.701669686717577	-0.61541362392925	224
row466	284.19682928232044	6.697218979638484	0.701669686717577	-0.613590719456694	2202
row467	731.6055586751303	3.371236307293068	0.701669686717577	0.610487205809078	2861
row468	166.08632090250651	8.855793096517486	0.701669686717577	-0.608800982981724	895
row469	146.06005794901245	9.9549201205268	0.701669686717577	0.607131959669049	597
row470	188.0706503061148	7.695898354926442	0.701669686717577	-0.6065967204188321	1190
row471	138.05495536327362	6.726463020808923	0.706952109666998	-0.598616840909555	491
row472	148.09681229842337	10.186117367441069	0.710115490841095	-0.593135125501452	635
row473	223.10774562233368	10.822384611765951	0.712153075917252	0.587012828480019	1644
row474	130.06930080213044	11.738038944500715	0.712153075917252	0.585836665254861	369
row475	789.6180069986979	3.185158775462265	0.712153075917252	0.585445940982159	2953
row476	120.09293074356884	9.60800084843782	0.714789441669867	0.580582129333474	268
row477	74.06003565183828	11.60909117514306	0.715999165670131	-0.577395452273093	10
row478	176.06584577418084	9.28788886165877	0.726711768314524	0.563070523403001	1032
row479	70.06512395959152	10.577960127456667	0.727302082241655	-0.559128463718489	1
row480	158.08124113736088	4.526503999373569	0.727302082241655	-0.558830476414244	4755
row481	118.07718507867108	10.578022958698595	0.731475747805488	-0.5521742884332421	239
row482	199.18053660074867	3.6139965891814114	0.7315412463054821	0.5503215568883361	1360
row483	183.0781542125501	3.6011812472313287	0.7332130817523791	0.546590446322515	1112
row484	119.08963886060215	9.608939620686787	0.7336474444275279	0.542678967035737	256
row485	326.3780025135387	6.706737493948902	0.7336474444275279	-0.542533374605503	2412
row486	187.09644167188188	4.384444086861788	0.73521341355956	-0.538925094119075	1173
row487	114.06623158310398	8.59995237745988	0.735732012310352	0.536544463933743	183
row488	132.06559622915168	11.575202560706966	0.7364856548461249	0.533888517278583	412
row489	156.10199558734894	6.711093858844005	0.7370650759962439	0.528259090480578	742
row490	160.11619557832418	10.407513952482999	0.7370650759962439	-0.528038041406401	825
row491	118.12018972124372	10.402471146903522	0.7370650759962439	0.527899970487997	248
row492	198.0849804125334	12.415147202441553	0.7411881034837909	0.519519709096188	1337
row493	202.04272942793997	10.40676073120243	0.7411881034837909	-0.519511551286294	1388
row494	240.1423659854465	4.3808680121781896	0.7443853038162829	0.513980802351012	1833
row495	146.08121083577473	10.355009668222747	0.7496858850180501	0.505981463254185	600
row496	152.07063229878744	6.708769162311188	0.753401829026761	-0.499051439105295	692
row497	132.1019279078433	6.703335328742063	0.753401829026761	-0.4958621074559029	418
row498	162.05017170761568	10.40263746146694	0.753401829026761	0.494958843728817	842
row499	788.6709195650543	3.3210114504885047	0.753401829026761	0.4945127724437621	2951
row500	228.1230882285297	6.7060587201598025	0.7597327554623451	-0.485299435656389	1684
row501	157.09724094993192	10.578855007436696	0.762738434830903	-0.479991989295029	760
row502	202.10732576923985	4.376917282079847	0.7647022231520949	-0.475603012423154	1391
row503	115.0695485064858	8.601991402136887	0.7647022231520949	0.4741202414878621	192
row504	117.06763443193935	10.580391532747784	0.765604093767619	-0.4705289201182	223
row505	120.09051082008764	9.608334411618989	0.765604093767619	0.469494685106323	266
row506	170.1175746614971	6.712318842587674	0.7682142789299521	-0.4638870937301161	944
row507	174.11256066684066	9.821361133076497	0.7682142789299521	-0.4628600223891339	1004
row508	177.0546983083089	3.47783024730689	0.778658283827149	-0.4458786178966821	1041
row509	202.1074665126516	6.7121410987976695	0.778658283827149	-0.44557134078155103	1389
row510	139.0179258777249	4.7650992450711085	0.778658283827149	-0.445015681271672	497
row511	251.1852227487872	3.7547580610219966	0.778658283827149	-0.442240115118803	1931
row512	201.11225086933857	4.345175583246354	0.778658283827149	-0.44164144350499707	1382
row513	139.05013573169708	9.044494884447722	0.779554118053498	-0.438797564919226	502
row514	202.14386417554766	6.7111876242452855	0.780140653526883	-0.436317637961587	1394
row515	300.20143837764346	4.30861422124416	0.7854773861652142	-0.428241755860308	2293
row516	106.08629391644452	9.504451152339662	0.7869494086418181	0.42424809895819693	145
row517	158.11763867464933	8.658253983842258	0.7869494086418181	-0.422919973148039	777
row518	131.08965702380164	9.512981113606862	0.792744855124839	0.41429888086523897	402
row519	235.11863998628	6.716497010100702	0.795302038648725	0.4094890110935129	1787
row520	328.24814551217213	4.314401266425287	0.798225992796855	0.404245736132116	2419
row521	734.5688444438733	3.225817043314932	0.8003761130602579	0.399910564355004	2870
row522	76.07570653279622	9.359893269269486	0.8036356343355309	-0.392877235627395	20
row523	147.12094518300648	10.732846025554746	0.8036356343355309	0.392458777674502	3438
row524	183.9746935757724	12.49442409338878	0.8131852504133291	0.379419112480436	1125
row525	212.1493069192637	4.4079792059625875	0.815645919972073	0.37154985134101504	1507
row526	139.05025895436606	7.04541618977288	0.815645919972073	-0.37125761341048	499
row527	188.09180537989883	4.437174279451724	0.815645919972073	-0.371064584681582	1192
row528	196.1544508797781	4.35510243608746	0.8189992473514269	-0.361407908292366	1328
row529	183.1016729254472	6.7020394689307095	0.8189992473514269	-0.360521881927738	1118
row530	134.10612965901691	9.282373639405352	0.8189992473514269	-0.3598060089415471	450
row531	119.08341056422184	10.406870961972977	0.8189992473514269	-0.358264385521864	255
row532	157.0738375938102	11.775467013495009	0.8189992473514269	-0.3580089173327071	755
row533	526.3774294466584	3.7025219001690512	0.820071979530436	-0.35492067751767403	2729
row534	118.05245122601907	10.418351832266392	0.82116827203513	-0.3518032126889081	232
row535	303.0239378276624	10.412414360512496	0.8229016573336841	-0.347929691111957	2319
row536	454.29274400983536	3.8159728910583217	0.8281475989786871	0.339264771786453	2654
row537	156.1020020031538	4.3706143211194215	0.8281475989786871	-0.336873405645185	743
row538	243.94808880488083	10.077530369438463	0.8281475989786871	0.334543298034035	3975
row539	102.06621345720795	9.648068370922287	0.8281475989786871	0.332834245320712	111
row540	256.1654001871745	6.702073681575098	0.8281475989786871	-0.3325907014096829	1970
row541	173.11715721717246	4.255292608767082	0.8301975958708079	0.328327803699893	989
row542	129.10223881648136	10.14010518333536	0.835283310645658	0.320278560346493	352
row543	115.06321776540658	8.604204271160157	0.835283310645658	0.318619547757715	191
row544	219.01899177149718	10.575821315322619	0.8383439179107091	-0.313143785523589	1610
row545	139.058363369533	9.882087028546866	0.8414706976031241	0.307585363394287	3365
row546	174.13186501167917	9.289295569265011	0.8490497365357711	0.295378917786307	1010
row547	160.0968741833324	10.232849986901142	0.8490497365357711	-0.294878301767167	817
row548	169.0859831689109	6.707108772998255	0.8518391502421121	0.289708733410065	929
row549	132.07676277160644	11.711947447631935	0.853820266583149	-0.285497668002605	416
row550	240.1422054893092	6.703257039831552	0.8554064681291729	0.281753909867567	1832
row551	787.6659161111583	3.9934780083618615	0.8572186020804059	-0.277737733860874	2947
row552	153.0910738099296	4.363959561461662	0.861258210032879	-0.271007243201418	708
row553	155.09272153753983	8.605884724296029	0.861258210032879	0.269199261656666	725
row554	216.1595422845137	4.313198317033528	0.861307270047304	-0.267280732344863	1572
row555	612.5196630859375	2.991171687823796	0.864146717777837	-0.262022826616925	2796
row556	119.08964096872428	10.407572328114536	0.86576147651291	-0.258226242669283	257
row557	120.09291960063732	10.404521617841146	0.867753929379069	0.251338387859654	269
row558	218.13873609855995	6.706946409855665	0.867753929379069	0.251129274324303	1593
row559	266.121456269295	6.712178921074507	0.867753929379069	-0.250242032759245	2042
row560	154.04986931937088	6.717301560916661	0.8744803825320941	0.240293520676126	712
row561	157.0860331608699	4.4015904531783985	0.8747568232715279	-0.236398756459286	759
row562	185.1285421708051	4.4351081815381965	0.8747568232715279	-0.235148019708913	1150
row563	72.08080402173493	10.404729128701526	0.8747568232715279	-0.234339580476626	6
row564	134.10863405863444	9.300184216818623	0.8868999294317141	-0.217456445880342	3349
row565	230.1580113429649	10.550991886429724	0.8868999294317141	0.215944891816326	1731
row566	116.07047700881958	8.611494549307611	0.894444083508237	-0.20413797836507	214
row567	127.05023574829102	10.061188714238039	0.894444083508237	-0.203061694981394	325
row568	142.08635962009433	9.042973425773717	0.8974728156211421	-0.19668466279029	531
row569	156.13839948177338	4.388823158162995	0.8974728156211421	-0.19559996804159105	748
row570	188.09179316068955	6.711392215119629	0.900896105787687	-0.18809181316516	1191
row571	198.11259257793427	4.3844325885491005	0.900896105787687	0.187646018939836	1340
row572	103.06953181642471	9.632559615926576	0.903680160919198	0.182363617355132	116
row573	148.06044561212713	9.599390270895464	0.90898655932187	0.17313320357796602	631
row574	236.11285226004463	3.4874673399415537	0.90898655932187	-0.172096310021947	1800
row575	102.05497400084538	11.59886927335523	0.9099066038959448	-0.16905768479396696	107
row576	246.24264697024697	6.663635200020018	0.910002685200214	-0.167018930514466	1898
row577	137.04583913167318	9.042706687232048	0.919411288657934	0.153647542449051	480
row578	508.37631204094686	3.773383831409169	0.9200401178157728	-0.15094482939250595	2706
row579	118.06108459673428	12.531395037924016	0.923742399727196	-0.14270559385673498	233
row580	496.3396652430704	6.678386501453447	0.923742399727196	0.142551350601741	2697
row581	127.07272237889907	9.996741524796928	0.926969422325786	-0.135007350512241	327
row582	181.03970273335773	9.670247417689332	0.926969422325786	-0.134718141673378	1095
row583	144.10197530110676	9.196256324482755	0.927843428682072	-0.131117426885851	565
row584	343.1896204168146	9.292335726703062	0.927843428682072	-0.12975138057339694	2472
row585	682.4863531324597	3.0753790543688937	0.93358875968688	-0.120750038342562	2836
row586	144.10198930381	6.7077556235013125	0.934736957768198	0.117381093165241	568
row587	130.08630989693307	6.7146646811698565	0.936031797175965	0.11294718995185	374
row588	217.17992833455403	3.496885067488241	0.936031797175965	-0.111866701242238	1583
row589	145.09719601192992	11.143932312458295	0.9379472251956078	0.106007050512909	583
row590	118.0862263629311	10.406100857570118	0.9379472251956078	-0.105578186595639	241
row591	120.0905162911666	10.404289303482257	0.943939350229604	-0.0962033779027734	267
row592	239.13897132873527	4.38045851106912	0.9453544334201122	-0.0922157633477493	1822
row593	151.09652974870468	6.697604342702688	0.9453544334201122	-0.0892025932972584	683
row594	200.1282397508621	6.731955629251707	0.9453544334201122	-0.0885238057706613	1366
row595	132.14208027232777	9.273492710788993	0.954386171208358	-0.0753213101633284	420
row596	148.0967851587244	6.832714637077744	0.9565483515590542	-0.0706383363461441	636
row597	681.4831514485677	3.074080484556088	0.978444660460861	0.0413086013672152	2835
row598	159.11286996540267	10.40698936936049	0.978444660460861	-0.0367161243988996	805
row599	142.94811766488212	12.479464782309474	0.978444660460861	-0.0356040666516383	541
row600	257.11304651547783	8.046585805480474	0.978444660460861	-0.0352647853352378	1982
row601	118.08624432538006	9.607425459917092	0.9792078636301508	-0.0322707424604131	240
row602	264.1804777292105	3.47083174785214	0.9818751403285692	0.0268861957694791	2037
row603	186.1125436731287	9.397406494197273	0.997488262327761	-0.0052357386727902785	1154
row604	114.03404131802642	8.589866932858449	0.999002615451952	0.00125432639195918	175
