massfeature_rows	m/z	retention_time	p_value	statistic	CompoundID_from_user
row1	148.07345756155544	11.915376878181446	2.36533127803315e-07	-7.29106245813871	633
row2	147.07640748274954	11.905213776127336	2.36533127803315e-07	-7.130432166859549	613
row3	905.5937710121028	2.9989393770564763	2.36533127803315e-07	-7.08717908029847	3109
row4	837.618204752604	3.1507679296929143	2.70414980254621e-07	-6.984255092583999	3028
row5	810.6000113236278	3.1712747307827622	2.76791180335004e-07	-6.924004921448799	2989
row6	782.5687384354442	3.204236220992103	3.0085549137798603e-07	-6.84623520329507	2936
row7	126.0219806871916	12.209535511372454	3.0085549137798603e-07	-6.82121637835256	324
row8	784.5840506302683	3.1956754108132674	4.5992847415129796e-07	-6.68428055874681	2938
row9	133.06077505412858	10.333907314956184	4.7551680724052403e-07	6.637318695875	425
row10	812.6144790649414	3.1738542476404548	4.7551680724052403e-07	-6.607406590148259	2992
row11	785.5879516601562	3.2024338052303265	4.7551680724052403e-07	-6.59328603510411	2939
row12	169.05836848208781	11.897038272605002	4.7551680724052403e-07	-6.54603865763937	926
row13	171.0764231430857	11.892799220401725	4.7551680724052403e-07	-6.54119607897622	951
row14	835.6033615604524	3.1581256673739664	4.7551680724052403e-07	-6.538287751986299	3026
row15	101.07095439850336	11.929978879334824	6.53074216211131e-07	-6.4428804590589	101
row16	191.040284656343	11.911427014102307	7.89897469259601e-07	-6.376656816113111	1236
row17	131.05327114306002	11.88734120795674	7.89897469259601e-07	-6.36479241310637	397
row18	112.05056200027464	9.76502164353295	7.99477046240436e-07	6.335712682568799	168
row19	148.04266542004	6.714252903696112	7.99477046240436e-07	-6.33421735815835	626
row20	130.04992655703896	11.890277826892214	1.05024419938963e-06	-6.253689982318339	365
row21	170.06167554098462	11.90249255506668	1.92835842935321e-06	-6.08990625325011	940
row22	836.6139644499748	3.1561264739296693	2.9505073492907003e-06	-5.97155136216604	3027
row23	166.05330748307077	10.840145684201556	4.41604350281446e-06	5.85870006917066	893
row24	149.08066248893738	11.907904572957134	4.54967390080049e-06	-5.840405213347241	659
row25	520.3400409096166	3.764698097898109	4.8883574651252896e-06	-5.81190434991798	2720
row26	792.5890053196957	3.17424326168862	6.0055864528364e-06	-5.74281833143846	2958
row27	834.6000561714172	3.156962816942129	6.0055864528364e-06	-5.740169253887499	3025
row28	495.3275594559927	3.861196866296261	6.63827017559769e-06	-5.70544672700757	2695
row29	176.03766284072609	6.714380459353793	9.08455353881614e-06	-5.61645524727278	1031
row30	258.1100018149928	11.350615870550547	1.06997623618205e-05	-5.56410511123179	1993
row31	380.2558107376098	6.713701956844809	1.06997623618205e-05	-5.55745988790797	2549
row32	176.07406287357722	4.276906994865536	1.14131811925047e-05	-5.532739212324259	1034
row33	787.6035939266808	3.1828694994031235	1.34489968283814e-05	-5.48259770273876	2944
row34	786.6000470613177	3.1871777436438435	1.63031950773526e-05	-5.425228024985599	2942
row35	743.5770635431462	3.2019822291768096	1.8096029988737e-05	-5.39072886799521	2876
row36	213.0222165089733	11.904522592934331	1.90609500963983e-05	-5.36996102985443	1517
row37	380.25582956167364	4.248077275139069	2.1192977896602104e-05	-5.3353158202078	2548
row38	206.1273452258501	9.281201471607208	2.55917309234202e-05	-5.279258633396901	1449
row39	767.5771116059402	3.1909653266929685	2.5967268139142604e-05	-5.2686780749048605	2913
row40	796.6194324493408	3.1777290687711117	2.8346473639426195e-05	-5.2391534657945495	2963
row41	171.07645948309647	9.235934544397882	3.5018622602417e-05	-5.17727364310183	952
row42	807.5720968535452	3.1823487249259754	3.6798146556911296e-05	-5.157910015137309	2982
row43	809.5875447591147	3.1851688642355116	3.9496079216554705e-05	-5.13308779665421	2987
row44	766.5738016764321	3.1928454645942037	4.5480560425578494e-05	-5.08978692741433	2912
row45	759.5722881116367	3.215870431703981	4.8475851444684295e-05	-5.066968686955191	2898
row46	770.6031951904297	3.1982725889677845	4.9763544446885604e-05	-5.054201794016071	2921
row47	512.334872713956	4.200786223475737	5.5257637520246104e-05	-5.02070596300583	4343
row48	523.3591457166169	3.73649391466906	5.87393970920915e-05	-4.9985928531333	2725
row49	522.3558831465872	3.736986901958506	5.87393970920915e-05	-4.993370556427781	2724
row50	469.3119622055365	3.974227894946392	6.4592566742871e-05	-4.96266454168712	2666
row51	758.5688291850843	3.2135804173217304	6.6401718832451e-05	-4.9500008960899295	2897
row52	241.03100315217048	12.597870757674437	0.000128588292728543	-4.7668919123144	1839
row53	191.08493292331696	9.80184624307863	0.00013606969283101798	-4.74589699055767	1238
row54	757.5567353347252	3.222214152778468	0.00013606969283101798	-4.73990622227597	2895
row55	136.0427669178356	10.099289180795346	0.00013606969283101798	-4.73328130969255	459
row56	194.1468843732561	4.1319048248802615	0.00013606969283101798	-4.73139567227469	1299
row57	287.2215092307643	3.3367347899412936	0.00014126727281628702	-4.7141515440085096	2230
row58	794.6050793092642	3.173322675393975	0.00014126727281628702	-4.71163009486865	2960
row59	832.5839935878537	3.1621105008565693	0.00015576660907671203	-4.68029397332937	3022
row60	172.0968251479299	6.7103843760710635	0.000173383899093696	4.64387221240257	970
row61	130.04995717500387	9.235738236152981	0.000173383899093696	-4.64182382230172	366
row62	468.30843577665433	3.9705792974931056	0.00021192593325321298	-4.582130833247191	2664
row63	568.3397577459162	3.6748810702065318	0.000231571778535832	-4.55321876380092	2763
row64	161.0923203901811	6.7305915190221075	0.000327055432858532	-4.45104140147994	835
row65	132.05415382385254	11.897504272757521	0.000327055432858532	-4.448518205428309	410
row66	482.3242121244732	3.85737394875471	0.000416134599517341	-4.37663806748327	2678
row67	400.34202806877363	3.7688438162451448	0.00044618949259690597	-4.35272798015441	2600
row68	496.33967911569704	3.8194716747786335	0.0004661011700295	-4.33619940370111	2696
row69	168.1019774350253	6.7144123909849425	0.000481732044298059	-4.32272704444456	3577
row70	498.34583282470703	3.813956823367649	0.000502872711474008	-4.30437133030916	2701
row71	814.6262374014224	3.1529000260658964	0.000502872711474008	-4.30243953316619	2997
row72	497.3431362352873	3.822709234947065	0.000504686945799091	-4.29323268369889	2698
row73	510.3556785583496	3.7555667299139857	0.000504686945799091	-4.292156696639741	2711
row74	769.5926121303012	3.1880956485680785	0.000504686945799091	-4.2896556365827205	2918
row75	213.12338502945443	6.713599596972838	0.000734802030371738	-4.1783084587288	1526
row76	904.5903413192084	2.9967184966263014	0.0007681549423716519	-4.1616915289470695	3108
row77	756.5531342450312	3.2379690459708006	0.000779364128494012	-4.153734399624581	2894
row78	799.6681079864502	3.29227476759155	0.000784853659301993	-4.14797750936733	2969
row79	279.15896526135896	3.3596950838369133	0.000924210709573541	-4.09689227285183	2151
row80	158.15401699668482	3.614794642976292	0.0009331187467670099	4.08690817500502	785
row81	542.3226473533501	3.78322037280904	0.0009331187467670099	-4.086824141994859	2743
row82	209.09213899311263	9.323316198803509	0.0009553937728149891	4.07637391147651	1463
row83	150.05838434319747	9.801560467510669	0.000980043526528498	-4.0654039718083705	667
row84	788.6120846396997	3.1883200045755458	0.0010055749133208302	-4.05439004095626	2949
row85	745.5926278921273	3.1969129754988503	0.0010641619604790599	-4.03434671839207	2881
row86	797.6236220537606	3.1602520058825827	0.00107311786489198	-4.0284593738195404	2966
row87	148.07970658393756	11.903578089878053	0.00110447355700778	-4.01661042089861	634
row88	102.05497522065134	9.799513957381537	0.00116303089013512	-3.9980532066296695	109
row89	806.5687849017937	3.1798349846770173	0.00119037984810586	-3.9878740221575404	2980
row90	217.10714016538682	3.7185520069170006	0.0012569444077158301	-3.9685102561105903	1580
row91	545.3430971891984	3.7169377354093087	0.0013056771892329699	-3.9539850491762	2745
row92	689.5586529632112	3.445898404061168	0.0013630418798614	-3.93799620974028	2837
row93	147.07638807857737	6.878839972532079	0.00140982085940211	-3.92476039813466	614
row94	181.0720427293044	6.703730118801477	0.00201548301741714	-3.8144957921021003	1100
row95	152.05416253033806	9.800490879735172	0.0020573558555547103	-3.8024170988795603	690
row96	104.05283815720502	9.801547535280642	0.0020573558555547103	-3.7997164342549596	121
row97	795.6087868430398	3.1704207339950474	0.0020573558555547103	-3.79878877793885	2961
row98	84.0442725231773	11.882381163503108	0.0020863615968792	-3.7866608839346405	38
row99	813.620170710637	3.167355073023148	0.0020863615968792	-3.78625111997177	2995
row100	288.21679216272685	6.710575387813409	0.0020863615968792	-3.7853263232515095	2235
row101	742.5739977155413	3.210162847197511	0.00219347469240114	-3.76658644016707	2875
row102	676.546512075571	3.4645076315949384	0.00219347469240114	-3.76411775687224	2832
row103	772.5841475777004	3.2090239941698546	0.00219661741643397	-3.7607156425549197	2923
row104	814.6869326139753	3.2671478973107004	0.00229219117816704	-3.7448044319988196	2998
row105	120.0808048248291	8.854499598965873	0.00242465814194477	3.72472987332314	264
row106	615.5388493691721	2.9921706546524263	0.00253277058482182	-3.70847425611392	2800
row107	304.21173236553483	6.7225817387372375	0.002610983871737	-3.69626412826001	2320
row108	207.11288060640038	8.850467543611357	0.0026777963876329	3.68564149679905	1450
row109	773.5876270162648	3.2031847475751585	0.0030183034157522802	-3.6458776533912998	2925
row110	781.5560995434957	3.2225692162120723	0.00308672102038959	-3.63611065696105	2934
row111	494.32407618931364	3.8649246277064218	0.00331696027804435	-3.60937265938115	2693
row112	167.08961125424034	8.857153671083873	0.00331696027804435	3.60817910953077	906
row113	142.12273035551368	3.803460912354821	0.00337096914190805	3.6003827250309404	535
row114	808.58344708067	3.1691686547228097	0.0035682048531857705	-3.57845230180173	2985
row115	133.03179997983187	9.801642939217606	0.0035682048531857705	-3.5771601677355402	423
row116	205.1264040205214	9.29280034267381	0.00388625073504543	-3.54440706810425	1441
row117	119.01619202750071	10.097554040691968	0.00388625073504543	-3.5442301330313803	253
row118	179.127837532445	4.375178398752974	0.00388625073504543	-3.54231614404293	1078
row119	316.24817137787306	4.315124863489827	0.00474323372943019	-3.47648275212502	2384
row120	130.065154281317	6.726810434132585	0.00474323372943019	-3.47400655525658	3317
row121	302.23251875620036	4.370994817087583	0.0048538347667039	-3.4640328413449706	2315
row122	151.0579272576098	9.807276094071767	0.00529882602040456	-3.43340422132866	677
row123	151.04779716159987	11.872232773025232	0.00531791568590832	-3.4296395157387995	676
row124	701.5587664152448	3.4205349542944568	0.00565846926928893	-3.40712564658615	2842
row125	154.07240237611714	9.03697799012916	0.00580197772289792	-3.3964828312927904	4735
row126	165.11223471792118	4.267475591169922	0.0060696590348587294	-3.3793663798169797	885
row127	174.08740496279592	11.517982648461464	0.00628093273391419	-3.36574575763856	1002
row128	811.60400390625	3.1664475966712713	0.00644274737442449	-3.35496148131808	2990
row129	203.05238235473632	12.05103861917583	0.0065110815543302294	3.34901216576473	1401
row130	219.14204296167347	8.414122199886636	0.00654899906730296	-3.34461788075521	3867
row131	123.05528043445787	6.715846041707633	0.00657358184959701	-3.3409093098550295	298
row132	744.5532271067302	3.195004986122018	0.007142497002528691	-3.3113718785295294	2877
row133	283.1034067327326	7.638936587781288	0.00753680148237805	-3.2913064649136503	2192
row134	190.08622629502239	6.717570800151284	0.0076324456121604	-3.28470920829431	1229
row135	880.5899320660216	3.0012072328324013	0.007911679009956079	-3.27044944359626	3083
row136	288.2168204171317	4.384022985095052	0.00805111504154785	-3.26226153104921	2234
row137	218.13872538114845	8.41637103850833	0.00838902715496165	-3.24626627854567	1591
row138	783.5721797688803	3.2044670684797745	0.00878772999923806	-3.2284778670160197	2937
row139	815.6969108012186	3.3167827055011414	0.008797248780225609	-3.2257225511544196	2999
row140	127.08659606144346	6.717903104634009	0.0088994065501646	-3.21950712764155	330
row141	230.09579192614947	11.951036929785865	0.00922330571123698	-3.2052431135027004	1724
row142	151.06173039825867	9.799460908142995	0.00935107678833482	-3.19829977802529	678
row143	163.13287734985354	3.7994672006916432	0.009365600106272921	3.19544000761209	862
row144	180.15944360431868	3.7993752859691465	0.009521966184408221	3.1875809469555803	1089
row145	499.34838518415177	3.821352176761092	0.0102199718483427	-3.16155499961017	2703
row146	424.34192075567734	3.7025443473800332	0.0103239821794437	-3.1558414124983103	2620
row147	164.136320013749	3.800138472932415	0.0104778459354165	3.14856566137105	878
row148	183.11287488435443	6.716411567771383	0.0116430018731403	3.1106351839693795	1122
row149	280.09168243408203	11.380053096860028	0.012466553451009	-3.08162737855491	2158
row150	239.16410007116932	3.5122459269786073	0.012466553451009	3.0807621199494704	1829
row151	768.5890444402826	3.1956967501615114	0.012466553451009	-3.08055496494408	2915
row152	786.6569239298503	3.3011916889778767	0.0125377250193032	-3.0763583069703198	2943
row153	155.106687515501	4.195650174830067	0.0125436166164404	-3.07395784890684	726
row154	275.1033547384697	11.891297595769975	0.0127220534298435	3.0669008252966203	2114
row155	120.06554317474364	9.577770676367102	0.013805337578808002	3.0366353011857097	259
row156	234.13358319600425	3.7269341891864696	0.0139906476651965	-3.0277846707007496	6915
row157	232.1543136395906	7.606980700398988	0.0139906476651965	-3.0276242449875896	1754
row158	172.07971515394237	11.896549184929139	0.0148829507386976	-3.00405797670915	967
row159	107.07027776617753	3.8081084991421936	0.014948469688597999	3.00034848446531	152
row160	544.3396243533573	3.713008301796713	0.0149911979118191	-2.99718370929643	2744
row161	133.06076973362974	12.100211214315115	0.0159821388546477	-2.97275123969832	424
row162	314.2324535972194	4.369893471732143	0.0163483452273334	-2.9626812320408202	2371
row163	518.3220455771998	4.006677905106587	0.0185088911817858	-2.9169380180201805	2716
row164	675.5432167590503	3.4637869472566587	0.0195017178432308	-2.89630017319303	2830
row165	305.25148667229547	3.3461611640103928	0.0196525084489414	-2.89141399704139	2332
row166	627.535191050747	3.006606037308398	0.0201529978637246	-2.8803366392705096	2804
row167	450.32137576016515	3.8823262773929113	0.0210798697119807	2.8621769233633705	2646
row168	195.0877855535139	4.3756497838847945	0.0213015855607635	-2.85630702057898	1312
row169	146.08119874251517	8.329311348282669	0.0222120734538093	2.8391940105258704	599
row170	287.0999953746796	6.720339472803318	0.0222440284625808	-2.83656088833978	4109
row171	190.04985789248818	6.7110412271767625	0.0225051785270793	2.8288737565228903	1221
row172	146.09245501624213	11.939703877488064	0.0225051785270793	2.82816477326187	602
row173	780.5525822358973	3.2155825207703512	0.0229171636809729	-2.81954777102761	2932
row174	744.588998545771	3.2089196054980627	0.0230503047244562	-2.8153818314988	2878
row175	151.0615100315639	7.645469537269929	0.0232277560214436	-2.81054668393142	679
row176	199.10779196529063	6.744358364751928	0.0235012157241964	-2.8042594803060097	3750
row177	105.11056381908816	16.701105026559926	0.0235120080551284	-2.8020445561520098	137
row178	203.1391557392321	10.335186369278347	0.0240822144919205	2.7913263128200603	1405
row179	426.35760137769915	3.6818471088654174	0.0257003135016001	-2.76564242845247	2629
row180	235.08041556936797	11.8522790908379	0.0269205179968335	2.7466538149675697	1784
row181	147.07640584309897	10.106347763020931	0.0274748228346724	2.73714947103078	615
row182	575.4667115388094	2.9797170473068224	0.0281692653612786	-2.7259504355587	2767
row183	140.01075387001038	3.3623360157459743	0.0284912891698614	-2.7197464901962296	507
row184	267.17182456122504	3.3678814457377166	0.0299309622084378	-2.69952417128298	2051
row185	547.35849609375	3.7029312062792794	0.0301273883213455	-2.69509307960428	2749
row186	214.09088785140239	4.637419113762914	0.0311237442831422	-2.68101240046553	1533
row187	310.20132788296405	4.372400638695651	0.0326147643522021	-2.6615727696078597	2351
row188	159.07646289624662	12.419902031046634	0.0326189294491816	-2.65953215138089	798
row189	236.07280448175248	11.855640399960766	0.0343655792418132	2.63799803837719	1796
row190	176.07068128988774	8.296194240099995	0.0353666125191398	-2.62520911714451	1033
row191	519.3254619397617	3.992892248019908	0.0387385042901041	-2.58759281608247	2718
row192	196.09113624768383	4.490828744447414	0.0387385042901041	-2.58676794416263	6582
row193	273.1858120542584	3.4516346936201194	0.0391060722679857	-2.5811960929443	2096
row194	110.0712970934416	11.779787574623851	0.0394102513040624	-2.57627348003441	162
row195	524.3713559602436	3.7029036519126803	0.0394254533928576	-2.57301924030854	2726
row196	525.3746976350483	3.701200725019096	0.0394254533928576	-2.57162947550204	2728
row197	157.0801659634239	11.77245939878226	0.0394254533928576	-2.5690246092654103	756
row198	450.3212767256067	6.682997414487832	0.0394254533928576	2.5683357193427003	2647
row199	334.29506645828	3.005611301938523	0.042390501845261	-2.5385945096722797	2445
row200	546.3552521599663	3.6914367801350103	0.0432380198996159	-2.52903353093164	2746
row201	154.058688856151	11.713372281395845	0.0458837797687279	2.5041144541616402	714
row202	614.5354108418503	2.9848033269498813	0.04637026079044	-2.4980876620932797	2799
row203	558.4730518482351	3.0416601555919747	0.0464963920756104	-2.4951097299079303	2757
row204	280.2350727026013	3.0771884240457834	0.0468804559668197	2.48999247549387	2175
row205	188.07065762971575	9.955921125080977	0.0468893585694466	-2.4880123979537903	1189
row206	199.0966172987415	4.365368886246906	0.0474618929834057	-2.48137766882685	4907
row207	314.2324299812317	6.710010010680713	0.0499688579402552	-2.45932112456017	2372
row208	301.98991324684835	10.403313712017546	0.0511287979802654	-2.4483993166960096	2303
row209	176.1030119845742	12.423529798083587	0.0527468790075989	-2.43421149922123	1037
row210	105.07399589137027	10.225873691258483	0.0529750185710346	2.43061637233208	134
row211	115.08663323051051	9.181315752404812	0.0548080378027845	2.41262032114835	198
row212	268.1751722063337	3.3842743090302627	0.0548080378027845	-2.4122907797081	2058
row213	524.3713467684659	6.633892311936853	0.0548080378027845	-2.4114938591841404	2727
row214	221.1536908663236	3.4093031732163683	0.055058930603517	2.4078126720040096	1631
row215	205.09726213154042	9.956052809509824	0.0576255890259543	-2.38776420350666	1439
row216	344.2795088026258	4.104621898015338	0.0577081214459975	-2.3853333012143	2480
row217	280.1623854417067	3.3562797380056364	0.0584192888844185	-2.3785718089973	2161
row218	177.1063359913073	12.423397602698483	0.0606129861496403	-2.36189912779111	1053
row219	518.3218994140625	6.67057141150556	0.0606461444357971	-2.35983356246169	2717
row220	760.5838554783871	3.2065941547159347	0.0619280183610568	-2.34954714216469	2901
row221	206.10056927329612	9.956545273972079	0.0622589281407176	-2.34555592301753	1448
row222	150.0583741037469	6.7203530587382065	0.0681163770289432	2.30712624092911	668
row223	145.10529708862302	9.198500943139116	0.0685410083781173	2.30274228465796	588
row224	226.18016639122598	3.8929702668294626	0.07001513476421299	-2.29217759118693	1669
row225	136.04823260240153	8.55757372318557	0.0710157308013182	-2.28450978084571	460
row226	254.0259110734269	10.79610836861808	0.0725760593639944	-2.27371977612206	1963
row227	232.11794593117455	4.3708925010277735	0.07655438056027601	-2.24799685269498	1752
row228	204.12314174049783	6.7126722887246	0.07655438056027601	-2.24794998276328	1420
row229	801.683343275538	3.2942392779317653	0.0785377393053379	-2.2354675575963996	2973
row230	140.06820021735297	9.595225051952097	0.0816899120649937	2.2171731499917797	510
row231	117.09100897270336	4.1230867529556345	0.0854603453479146	-2.19635425759277	3256
row232	733.5568319653707	3.2348017413964665	0.0856918330123075	-2.19338718604305	2868
row233	703.5744416086297	3.412565207735073	0.0856977672457992	-2.1915399683191397	2844
row234	212.99954367972708	10.805193082873409	0.0860444278511496	-2.18802072830786	1516
row235	134.08102366798806	11.705495028093779	0.0893614251220695	-2.17016089645863	443
row236	521.3433750036991	3.785431394456027	0.0921267169562914	-2.15535637749303	2722
row237	149.1173115292111	4.016660077059436	0.0923409499637992	2.15255591982462	662
row238	594.5090077718098	2.9782123068317388	0.0951823957234637	-2.13776156620226	2780
row239	106.049880680285	12.46845194509683	0.09600920095556001	2.13224083022542	144
row240	317.26857081821987	2.9927825446927505	0.0976450083619352	-2.12316307404522	2392
row241	143.0816130802549	10.331214603677404	0.0983329748835156	-2.11833669099299	544
row242	218.13847305525601	4.217198410712295	0.10195529207238302	-2.0994613675545097	1592
row243	242.2840959649337	6.711016648390538	0.10195529207238302	-2.09908056068019	1844
row244	138.0429235346177	9.043198524307083	0.105218356872688	-2.08198518298619	487
row245	597.508512878418	3.0022598588492637	0.105218356872688	-2.0817823458539797	4370
row246	189.12342081571882	10.435195653960854	0.109195582576731	2.0637437536378798	1213
row247	757.6210243918679	3.3754228403024573	0.111003065874023	-2.05473698943497	2896
row248	268.14026608674425	9.218414129604911	0.112591285232274	-2.0466887392113002	2057
row249	104.07060181467155	10.220390181092343	0.113405131826529	2.04172700853381	122
row250	129.06584555203798	10.937779242242613	0.113492549418242	-2.03961271302399	3305
row251	761.5877621299343	3.2023315083258037	0.11510324652556801	-2.03159857468733	2902
row252	304.24814770672765	3.338350094993571	0.12239571680605801	-2.00244429490219	2322
row253	199.1693437937144	3.3554149682079117	0.12335384486420801	-1.9971746545254299	1359
row254	237.05221221026244	10.410570613350528	0.12552163959586402	-1.9875763656164	1808
row255	131.08155933179353	11.796904426519575	0.126854814555684	-1.98104826436838	399
row256	204.12316850934707	4.373707384973079	0.127058977976853	-1.97855761191951	3779
row257	114.05500411987305	6.711707524579537	0.129653489261865	-1.9660403700229199	181
row258	316.24815979003904	6.708541543304159	0.129653489261865	-1.96589953472184	2385
row259	118.0498737700998	9.115662447830116	0.131226220047209	1.95867586361655	229
row260	128.07060296194894	6.7125565727089045	0.13720505619562498	-1.9366147418190602	5793
row261	247.09239354626885	9.238474575905522	0.137569857402633	1.9330241275629698	3990
row262	181.1627715858253	3.806652687254029	0.137569857402633	1.9318918248477	1101
row263	91.05829605303312	11.7939896103001	0.140366035660842	-1.92090962798873	73
row264	299.25800904231284	3.0500950654717767	0.142690333273824	-1.9116003590066102	2289
row265	286.20105970228036	6.712851838924768	0.14758365997350598	-1.8920267428221598	2225
row266	663.4531615407842	3.0705901274254126	0.14758365997350598	1.89066639212628	2824
row267	148.06041998612253	11.758435423886752	0.14758365997350598	1.88976046398092	630
row268	704.5778045654297	3.414844959720623	0.14758365997350598	-1.8890326185303798	2845
row269	133.09902106391058	9.288055979177491	0.15001107193735902	-1.8797082076533702	436
row270	188.1281914089037	4.394184008851797	0.15112680267065498	-1.8745208457449298	1195
row271	90.05497520848324	11.795002021808903	0.151762852890287	-1.87083184861754	67
row272	746.6043352399554	3.1912716127030603	0.153098928431777	-1.8650072197787801	2883
row273	246.1331817894651	6.711182049198659	0.15595043035026598	1.85462726511082	1889
row274	158.11763557227886	4.3911913241783065	0.161507142256953	-1.8363972090502199	778
row275	144.10200201946756	10.312779165546107	0.16664223945285903	-1.8198251408680701	569
row276	265.11811306602084	6.7113218514429605	0.16682383757387803	-1.81757990402475	2038
row277	174.1125615437826	6.7107173143888526	0.170865638586749	-1.8044342528965902	1005
row278	289.05334899902346	9.967245660668516	0.175095306001413	-1.79098802200263	2242
row279	732.5535802706868	3.2473380615888936	0.175823943372667	-1.78726586916949	2863
row280	168.12307760160263	6.6964285201343845	0.176684096378419	1.78319468818602	922
row281	497.3431181907654	6.690229959096878	0.17962822982076299	-1.7721010304480702	2699
row282	200.1726917521159	3.3625056369136423	0.17962822982076299	-1.7715527809807	1372
row283	182.13882136989284	4.2710857376919735	0.17962822982076299	-1.7700709426410801	1110
row284	730.5934420498935	3.3866545983978464	0.180140970902493	-1.76698308532001	2857
row285	178.07238173811402	9.039378480775728	0.18091722254446105	-1.7631948677308797	1068
row286	186.1125254380076	6.710805629729081	0.18215856199293698	1.75817451731403	1155
row287	244.19077847455003	3.87308355631064	0.18450865840438102	-1.7502382251081499	1870
row288	111.11682713826498	3.3565924456217613	0.184907927950683	-1.7458148708103098	166
row289	189.0738882767527	9.953179642057409	0.184907927950683	-1.7457973663431001	1205
row290	249.06096201578774	9.958255298709553	0.18867933247440197	-1.7342332839602899	1909
row291	143.10674122401647	4.386058918834824	0.200017459021862	-1.7022916161303503	3390
row292	702.562222454999	3.435089910946078	0.200017459021862	-1.70208172140523	2843
row293	148.09682331914487	3.803935410334783	0.20736138156867	1.6804863942208002	637
row294	243.13390906651819	6.712752472243944	0.20736138156867	1.6799388593976798	1850
row295	315.23586303710937	4.37261360318924	0.20736138156867	-1.67904136333777	2378
row296	246.12364485457138	9.960300246478466	0.20910644365539896	-1.6731534767894098	1887
row297	729.5899542150363	3.3867628619054773	0.209972527720364	-1.6693902318402902	2855
row298	190.11861319620098	11.875398269581463	0.218108708633012	1.6485504298593998	1233
row299	239.13890497308034	6.702230234426535	0.22031864462303302	-1.64175116123417	1821
row300	342.2638501619038	4.150324388561455	0.225537675623267	-1.6281576029321	2469
row301	195.1228214317644	4.4042217362828895	0.22691332694271102	-1.62336015264611	1322
row302	113.05967390877859	3.464870436568018	0.22941983414706196	1.61605091293345	172
row303	134.08116902531805	7.233704548063106	0.236443276684383	-1.5988718227158303	444
row304	87.07891917228699	11.710339667684732	0.23841783250624698	-1.59288422891477	58
row305	132.06189587241724	9.282420448092054	0.24235395765621498	1.5827156936993998	411
row306	200.0543655189308	9.03911797825918	0.245160341652935	-1.5750412284866002	1364
row307	239.12776327824244	3.5980156343491454	0.251039488887658	-1.5609898777919498	1819
row308	218.21148159629416	6.699375115623888	0.252428629447373	-1.55640249466504	1599
row309	344.22783126831047	4.196602546648147	0.252951339140693	-1.55362107060887	2478
row310	153.06587871752288	6.759419422531649	0.258827061423731	1.5398566094693602	704
row311	209.1536945615496	3.609866041941664	0.259673493147227	-1.5364371850896699	1468
row312	149.06382762363978	11.764188434727338	0.259751574895461	-1.5345841906661002	658
row313	236.07293174050068	4.665164925814856	0.260874937651956	-1.5300890672769298	1798
row314	236.07285153865814	10.871250902928736	0.260874937651956	-1.5289259013448102	3945
row315	160.09684693185906	6.718471265040367	0.26213560345890696	-1.52468904088023	824
row316	735.5724169756917	3.224308346427846	0.267671791942452	1.51147055159881	2871
row317	239.14864931608503	4.382275184523638	0.267671791942452	-1.5102163343816999	1824
row318	154.06922872442948	6.7642653449454535	0.270910540332903	1.5001694802233703	716
row319	124.08699295737527	10.356122165732273	0.270910540332903	-1.5000653993186799	309
row320	175.00174867784654	9.034963602112628	0.270910540332903	-1.4973153644256898	1016
row321	785.6511273451255	3.294462706805513	0.270910540332903	1.4970875070709397	2940
row322	232.1179187877758	6.709327914186286	0.27807162320755197	1.4813926930575703	1751
row323	248.14916821183832	9.477529284089897	0.27904779911899796	-1.4778288693705601	1908
row324	164.1194361636513	10.739304313103368	0.284228696081802	1.46620005007552	877
row325	329.17396462930213	10.399945148874666	0.285081452045788	-1.46290110399986	2425
row326	159.0277862548828	9.033752571187769	0.29394989899286	-1.4445243346704097	789
row327	163.1158139078241	10.741886162778137	0.294559492734171	1.4417130047371498	859
row328	114.09845822477993	8.604319505655925	0.29520554157701195	-1.43883819992023	187
row329	188.12816047668457	6.711557944766733	0.29943279204262496	1.4293515830914199	1196
row330	163.10959444547953	10.740621976630173	0.303770668359158	1.41974198541123	855
row331	680.4798230622944	3.0730698108410635	0.307044872770562	1.4121310576756	2834
row332	619.4907287597656	2.9279174575490163	0.311898410537859	-1.3990766680835802	2803
row333	266.12151918572897	4.457116633649044	0.311898410537859	-1.39878856775528	2043
row334	332.27940368652344	3.3668971014311566	0.311898410537859	-1.3983918968333302	2439
row335	138.04918062364732	9.040450575617706	0.313572970618796	-1.3937340300536498	488
row336	184.09693105597245	4.413519423829954	0.31359639540087897	-1.39202622230511	4855
row337	763.5949494332979	3.2031924929424407	0.319331521839166	1.3802018247613599	2906
row338	187.09654182111717	6.709446793269004	0.325695836364056	-1.36741369780731	1174
row339	592.4934650577911	2.9753157948839624	0.328088453859206	-1.3616026751239898	2779
row340	705.5815345362613	3.413846130202596	0.328581261070875	-1.35908321777023	2848
row341	204.12314158121742	9.29506392193782	0.33390324411539196	-1.34828481854269	1419
row342	180.0655281278822	6.710781918318528	0.33722109427344105	-1.34097466320271	3642
row343	214.25295069597766	6.776713167048488	0.337461022060673	-1.33889942911794	1544
row344	249.1848550684312	3.4233828864135667	0.34490093003549105	-1.32403777376752	1911
row345	146.06005794901245	9.9549201205268	0.34490093003549105	1.32305235848542	597
row346	613.523046875	2.99142322571004	0.347245235170708	-1.31747981912516	2798
row347	133.105275706241	9.284005343110543	0.35492631568324295	1.3031448869773201	437
row348	130.08632418983862	9.51387876833952	0.356675808938095	1.2986145433128602	372
row349	816.7016869906721	3.3019741241014704	0.35703224670188105	-1.29169437003507	3000
row350	229.15470183523084	10.556936784077118	0.35703224670188105	1.29127670317291	1713
row351	185.11738916345544	4.386963264911018	0.35703224670188105	1.2894995985378301	1149
row352	288.22485330369733	3.339078653867648	0.35703224670188105	-1.2881804961484098	2237
row353	132.10193634033206	9.282681149935259	0.35703224670188105	1.2877610088408502	417
row354	160.13324591231674	7.384859965023493	0.35703224670188105	-1.28647535894247	827
row355	256.17532649793117	4.382531537834295	0.35703224670188105	-1.28641498125073	1976
row356	164.11646431370787	10.739677371317851	0.358226920041153	1.2828131884207399	876
row357	194.09249003092447	6.790092146384414	0.359285366429107	1.2794392818803302	1295
row358	159.15735776496658	3.6137854980650963	0.370266158775611	1.25842069003532	810
row359	610.5042018605702	3.0140199443476803	0.370266158775611	-1.25840396403183	2793
row360	184.09689919607982	6.711114175196259	0.37587504007012607	-1.2478303184287	4854
row361	217.12954351637097	11.641434877621426	0.38235217635531393	-1.23598544682118	1582
row362	198.11256075577	6.714493681125821	0.38284641465568103	1.2335573618306699	1341
row363	167.09278825613168	6.7284657357311515	0.389002073976595	-1.22232860044317	907
row364	240.1423659854465	4.3808680121781896	0.3896429069180661	1.21968141443486	1833
row365	595.4927832760027	3.0004926450268137	0.395285657729586	-1.2093435348465902	2781
row366	139.05022109182258	9.674392838765872	0.39613957684708095	1.2063797378121999	498
row367	175.071430149363	9.927452198362934	0.39855634277284896	1.20076667746048	1019
row368	144.10195886521112	10.81852474580407	0.39855634277284896	1.1993801850988501	566
row369	664.4566946847099	3.0782823071933034	0.40005467386143795	1.19533033624451	2825
row370	202.18019206488307	6.865633504354621	0.40005467386143795	-1.19379686041144	4923
row371	139.05026079260784	8.153842748035263	0.40654967495849104	-1.18230621033421	500
row372	132.0655572221086	8.341784729399677	0.406862180196195	-1.18018520362371	413
row373	123.11681221008301	4.001900846517751	0.41032907160796	-1.17332446626974	301
row374	125.09614275322586	4.376784529503688	0.41550194377076594	-1.1616352087539799	318
row375	248.14733586166844	7.692649650255878	0.41550194377076594	-1.16139253333605	1907
row376	182.08128105966668	10.82531240268192	0.41550194377076594	1.16065222008224	1105
row377	136.07574593393426	10.826933532124851	0.41905361771339	1.15373062491939	467
row378	173.12855569939862	9.280484460659867	0.425732319704317	1.14223983306733	996
row379	138.05500683031585	9.885743170205384	0.42703267606131	-1.13868465557479	490
row380	343.29546718910086	4.114811878221094	0.42766818856646904	1.13610620211674	2476
row381	76.03931125841643	12.388619487834339	0.43791523315676706	1.11957795556825	18
row382	272.1854264479417	6.709986455925537	0.4405224182223029	-1.11417361696032	2094
row383	180.0655677951112	4.602531906134013	0.4405661205544171	-1.11245696786422	3643
row384	253.1545697064467	4.143023978243436	0.44999822244092097	1.09614547982376	1960
row385	212.09516548623844	4.631038083133687	0.44999822244092097	-1.09415937354626	1499
row386	114.05503110324636	8.432705225211821	0.44999822244092097	-1.09378723934972	176
row387	156.0768249099319	11.775429691073866	0.44999822244092097	1.09238046630718	737
row388	183.0845960315905	10.8254468782451	0.45036788359821295	1.08873363891869	1116
row389	265.11813668643725	4.433586925596212	0.45036788359821295	-1.0885589549555301	5128
row390	202.14387217203773	4.381675711404248	0.4549529599081629	1.08041625068566	1393
row391	175.10780896638568	10.843592599174952	0.455419667337331	-1.07759814361198	1022
row392	286.2010930727606	4.396540076744548	0.455419667337331	-1.07642555888767	2226
row393	204.95096496055862	9.664394622912035	0.455419667337331	-1.0742672740524999	1432
row394	133.06886759440104	11.573744911977107	0.455419667337331	1.07318795384197	427
row395	170.1176111433241	4.383303678842286	0.45554657833999607	1.0713730104094699	943
row396	165.05470225685522	10.828761337969253	0.461548933128225	1.06126875920208	883
row397	150.11252065022788	8.214053550741392	0.464386755486047	1.0556503557155401	670
row398	275.10333221435553	4.730976055328368	0.465698348063823	-1.0511035602336	2116
row399	89.05965290898862	3.8036427004898505	0.465698348063823	1.05054226322738	63
row400	281.24732427727685	3.0122061043352395	0.46685195318359	-1.04729509943949	2185
row401	225.14854845319482	3.5888164306343215	0.46874091281556396	1.04302391446533	1659
row402	133.0737957201506	11.69105433988758	0.46979415001784397	-1.03992351231968	428
row403	260.1854917611649	6.714525746964843	0.469927321915919	-1.03810899722291	2006
row404	133.08009980854234	11.690778763519699	0.47329184476437397	-1.0317949679496898	429
row405	213.09843031026546	4.66011704545461	0.4768394764550229	-1.0252452941821402	1520
row406	654.331636428833	3.0867531500860714	0.481281096656457	-1.01734656433035	2820
row407	198.08741019753845	9.103210063299793	0.481281096656457	-1.01585334605563	1338
row408	774.5984905890698	3.1967346042847034	0.487356514857599	-1.00588427755756	2927
row409	261.120855102539	6.699688971475017	0.49058593561734104	0.9998434052717191	2012
row410	157.0738375938102	11.775467013495007	0.49134347758146	-0.997178430596521	755
row411	86.09640022803997	9.248329542529863	0.498218164971615	0.986220102974918	49
row412	262.1436151203356	6.68581912009507	0.5011212288375441	-0.9806679280722099	2019
row413	328.1617032564603	10.587206752657595	0.514553362688397	-0.961088672484207	2418
row414	162.05017170761568	10.40263746146694	0.52134740099243	0.9504739437992891	842
row415	157.09724405649547	6.735101100941613	0.5218258969740379	0.948191324438352	761
row416	128.0706107003348	9.77143839512643	0.5277480850659829	0.938673507269696	338
row417	129.12738413206287	3.4984818992576234	0.5277480850659829	-0.936655910315893	357
row418	86.06001126036352	6.726841031141987	0.5277480850659829	0.935469612658138	45
row419	229.15466378864485	8.612649724016922	0.528302208256914	0.932451414000808	1712
row420	327.1583143535413	10.576629474144033	0.528302208256914	-0.931445791726183	2416
row421	338.3416043599446	3.3367859948753567	0.536374880443961	0.91927216023996	2451
row422	139.05013573169708	9.044494884447722	0.548974377952413	-0.9013756120923709	502
row423	106.08629391644452	9.504451152339662	0.5530259042047221	0.8945343934641949	145
row424	171.1016386783484	4.370239495754996	0.5553385398280309	-0.8899215631877191	955
row425	216.12311115670715	6.721134513567388	0.557243876075852	0.885831412597697	4977
row426	284.3309808949955	6.894121216975247	0.566807889581623	-0.870437435658157	2207
row427	160.13329997815583	10.699297400419077	0.566807889581623	-0.8703902690829479	826
row428	178.08720911765582	9.888588699427633	0.5731436264521711	-0.8607580237760551	4837
row429	162.07612001723137	9.365075032025311	0.574224184787157	0.857728838878379	847
row430	332.33102329799107	6.716058008532999	0.5743907048929311	-0.855845756825537	2441
row431	297.24240404939	3.21416279389951	0.578802682861606	-0.848654504476083	2286
row432	148.09682637532552	10.946789953655115	0.579315947374263	-0.845300923961715	641
row433	161.09209030552915	11.603677428486137	0.579315947374263	0.8446658845385849	834
row434	157.06084391945288	9.817638553352602	0.5803399772945159	-0.8384710040226742	754
row435	158.08122460047403	9.010903865083996	0.5803399772945159	0.837559844922718	3502
row436	246.1699047088623	6.863093914226486	0.5803399772945159	-0.836987103186669	1895
row437	160.03453098126312	10.568008408569183	0.5803399772945159	0.833984994057354	815
row438	186.11267700195316	4.394723838920541	0.5803399772945159	-0.8339663441561601	1156
row439	231.13393944188167	10.577613627032909	0.5803399772945159	-0.8333919618691629	1740
row440	200.02707190262643	10.577422791752586	0.582264145031304	-0.829319979655818	1363
row441	201.11224090576167	6.700753588143322	0.583073930288615	0.826646911635009	1383
row442	208.1908259184464	3.6086935785214216	0.583810534143282	0.8240669129244141	1458
row443	166.08633321126302	6.714705224989947	0.586741968429663	0.818739440867201	897
row444	72.05547210693359	11.698950335210974	0.587433912409803	-0.8147017160148141	5
row445	158.1005857367265	10.573868072242774	0.587433912409803	-0.814563307014391	776
row446	114.0662480743838	11.68789512405815	0.590785411563729	-0.808717497069928	184
row447	482.36055799211766	3.86972975834816	0.5922832126487371	-0.8050936318017049	2680
row448	272.1854494695794	3.4887643685734826	0.5922832126487371	-0.80353959700568	2093
row449	223.09654938547237	3.491222277764685	0.59269018259293	-0.80137988548841	1642
row450	177.0546983083089	3.47783024730689	0.595701802868271	0.7959681730476681	1041
row451	118.0747901013023	10.576762608806213	0.613301607316682	-0.7725316041081209	238
row452	104.10696566944391	6.579229157155838	0.618262900518145	0.7637938285038459	125
row453	129.06585633127312	11.739301054140347	0.618262900518145	0.763111688612677	344
row454	235.11863998628	6.716497010100702	0.621406877039785	0.757596741057896	1787
row455	148.09679239908854	9.105773678945008	0.632432350574787	-0.742515342042399	638
row456	168.06575625550514	6.715620972347986	0.634301619098901	0.7385717766331721	915
row457	762.591349283854	3.205705107949221	0.642336478521944	0.7271995115485319	2904
row458	202.04272942793997	10.40676073120243	0.6442110536025439	-0.723258056599118	1388
row459	171.09577764223698	10.5260529805561	0.64634655780725	-0.7183714758822919	954
row460	129.10222498575843	10.882111844876304	0.64634655780725	-0.7173162957726109	353
row461	146.1176025658323	4.328233622246572	0.6511429271934039	0.7098753406296021	608
row462	228.1225888801344	8.593946557374961	0.6558886485508629	0.7025094433096729	1686
row463	139.0179258777249	4.7650992450711085	0.655950019391241	-0.700742637926114	497
row464	131.08965452093827	10.31367921577922	0.656909304909495	-0.697904426993154	401
row465	134.10612965901691	9.282373639405352	0.657133278674786	-0.69594594890964	450
row466	326.3780025135387	6.706737493948902	0.663143094336537	-0.6870816139141519	2412
row467	158.11763867464933	8.658253983842258	0.666990071523852	-0.6808088642503679	777
row468	183.0781542125501	3.6011812472313287	0.67073897601251	0.674659811766957	1112
row469	256.1654001871745	6.702073681575098	0.6716588525023539	-0.671869513836606	1970
row470	152.07063229878744	6.708769162311187	0.6732165840489229	-0.668323203929967	692
row471	130.08632408945184	10.315853863827737	0.674214154573929	-0.6654417840453579	371
row472	220.11800760904944	7.997888794121177	0.676459167998652	0.6609389402762329	1623
row473	138.05495536327362	6.726463020808923	0.676459167998652	-0.6593840977294411	491
row474	119.08341081518877	9.608490227774618	0.6772583417444661	0.6567396425904921	254
row475	105.07399033663565	11.149961384775255	0.683536187890942	0.6471140444145451	135
row476	149.10024290818438	10.19240752516658	0.683536187890942	0.644562227244022	3452
row477	228.12311062059902	4.3899315022008825	0.683536187890942	-0.644206805683125	1685
row478	132.1019279078433	6.703335328742063	0.684000949442641	-0.641959379773548	418
row479	205.1435591045179	3.4820237722274565	0.6860198975591371	0.637870712341083	1442
row480	247.14402987505935	7.692557805317863	0.6919113172900879	-0.629204580190004	1901
row481	114.0550639629364	9.625828681898508	0.692833960481672	-0.626413859070826	177
row482	117.07394670185292	10.578470986401683	0.69840736808386	-0.6180220077675971	224
row483	160.11619557832418	10.407513952482999	0.69840736808386	-0.615849727520796	825
row484	132.06559622915168	11.575202560706966	0.69840736808386	0.614449535482511	412
row485	162.1124855982114	10.740211669373037	0.69840736808386	-0.6130299724989051	848
row486	174.112584811538	4.3895952929456845	0.6998366564262061	-0.6096419821704661	1008
row487	120.09293074356884	9.60800084843782	0.699848313146424	0.606582888530191	268
row488	170.0924298604329	10.547890094170974	0.699848313146424	0.604310428152671	10779
row489	141.065876910561	8.537909691162037	0.699848313146424	-0.6041658423794111	516
row490	166.08632090250651	8.855793096517486	0.699848313146424	-0.601907448768866	895
row491	480.3447696940104	3.7776141378142816	0.699848313146424	-0.600591135623924	2677
row492	144.10198930381	6.7077556235013125	0.699848313146424	-0.5991188930761929	568
row493	130.06930080213044	11.738038944500715	0.699848313146424	0.597664327818869	369
row494	731.6055586751303	3.371236307293068	0.699848313146424	0.596082044626854	2861
row495	119.08963886060214	9.608939620686787	0.7006355139394921	0.5925166661656379	256
row496	216.0584815054229	9.321921923955065	0.7006355139394921	0.591774126283229	1564
row497	170.1175746614971	6.712318842587674	0.70608530436748	0.583600549457805	944
row498	118.12018972124372	10.402471146903522	0.719215203375492	0.565602829195253	248
row499	202.10732576923985	4.376917282079847	0.719215203375492	-0.564657861758981	1391
row500	222.17004153603006	3.481650725963472	0.720080616221779	0.5619349929544909	1638
row501	70.06512395959152	10.577960127456667	0.7204423707224878	-0.5598074200775649	1
row502	158.08124113736088	4.526503999373569	0.722438748266779	-0.555518878201042	4755
row503	171.07645396182414	8.300225233836048	0.722438748266779	-0.55383735943515	953
row504	284.19682928232044	6.697218979638484	0.722438748266779	-0.552350685219587	2202
row505	120.09051082008764	9.608334411618989	0.723376103201417	0.549543672495555	266
row506	74.06003565183828	11.60909117514306	0.731708080635636	-0.537994990749443	10
row507	191.16419440821602	3.606315649565134	0.743650862401851	-0.522235308092791	1251
row508	148.09681229842337	10.186117367441069	0.743650862401851	-0.520526215067513	635
row509	118.07718507867109	10.578022958698595	0.7452459001354459	-0.5169378355699439	239
row510	114.06623158310398	8.59995237745988	0.7464519073594991	0.5138052991841721	183
row511	139.058363369533	9.882087028546866	0.747840866154345	0.510457561822212	3365
row512	176.06584577418084	9.28788886165877	0.750837173169016	0.505223091531841	1032
row513	153.0910738099296	4.363959561461662	0.756524600400712	-0.49540373366049795	708
row514	160.0968741833324	10.232849986901142	0.756524600400712	-0.495112333376235	817
row515	682.4863531324597	3.0753790543688937	0.7580399465513978	-0.49043323604554795	2836
row516	157.09724094993192	10.578855007436696	0.7580399465513978	-0.489888692028939	760
row517	103.06953181642473	9.632559615926576	0.7616972568125241	0.483876277575375	116
row518	117.06763443193937	10.580391532747784	0.762375265374739	-0.481355481439814	223
row519	121.0688853012888	11.607215041316906	0.7629416233830101	0.47896572543520793	273
row520	173.11715721717246	4.255292608767082	0.763760347585048	0.475765056090718	989
row521	230.1580113429649	10.550991886429724	0.763760347585048	0.474282386099776	1731
row522	228.12308822852975	6.7060587201598025	0.763760347585048	-0.47147058586148205	1684
row523	146.11758242155375	10.726533825107673	0.763760347585048	0.47111227830337704	604
row524	469.3888406062472	3.1597938212815535	0.7647119632940219	-0.46795886998506003	2667
row525	223.1077456223337	10.822384611765951	0.7647119632940219	0.466551093751057	1644
row526	202.1074665126516	6.71214109879767	0.7746954577167159	-0.45307170522075296	1389
row527	251.1852227487872	3.7547580610219966	0.779324854171215	-0.444822384171303	1931
row528	119.08341056422184	10.406870961972977	0.779324854171215	-0.443620168556899	255
row529	132.14208027232777	9.273492710788993	0.779324854171215	-0.44139879028156104	420
row530	130.04989466947669	6.711711130463402	0.779324854171215	0.44070475427781397	367
row531	734.5688444438733	3.2258170433149314	0.7799505518604078	0.438237154392277	2870
row532	120.0655581323724	11.604727263387215	0.7805982653850649	0.435743521215615	258
row533	156.10199558734894	6.711093858844005	0.789874991622959	0.42201059544003	742
row534	76.07570653279622	9.359893269269486	0.789874991622959	-0.421349943852019	20
row535	268.01426626352156	10.40433563691167	0.7931869337018059	0.415714501188119	2056
row536	223.0965444391424	6.824026127651352	0.794532320686802	0.41238955565808205	3879
row537	146.11759708545827	8.283602779434643	0.797550553175822	0.405733432396084	606
row538	201.11225086933857	4.345175583246354	0.797550553175822	-0.40510310197768895	1382
row539	300.20143837764346	4.30861422124416	0.797550553175822	-0.40360609767392897	2293
row540	102.06621345720795	9.648068370922287	0.7975616002871769	0.40068336646239294	111
row541	790.622256192294	3.1825200749358182	0.7975616002871769	0.400108312926265	2956
row542	187.09644167188188	4.384444086861788	0.805936884709398	-0.388484376378087	1173
row543	198.0849804125334	12.415147202441553	0.81008783533675	0.3818438948610321	1337
row544	183.9746935757724	12.49442409338878	0.8151407420441701	0.37414194999532496	1125
row545	212.14930691926372	4.407979205962588	0.81765802110748	0.368518061610296	1507
row546	139.05025895436606	7.04541618977288	0.81765802110748	-0.367656755885115	499
row547	196.15445087977812	4.35510243608746	0.81822292711184	-0.365229085921604	1328
row548	183.1016729254472	6.7020394689307095	0.818829629080766	-0.36270981298972704	1118
row549	200.1282397508621	6.731955629251707	0.818829629080766	0.3608308377564461	1366
row550	236.11285226004463	3.487467339941553	0.818829629080766	0.35905097494523497	1800
row551	116.07047700881958	8.611494549307611	0.818829629080766	-0.35747108297621794	214
row552	219.01899177149718	10.575821315322619	0.819241101503559	-0.35522561424286997	1610
row553	119.08964096872428	10.407572328114536	0.8247633598617199	-0.346926639476095	257
row554	118.05245122601907	10.418351832266392	0.825916734666618	-0.34379655131761605	232
row555	681.4831514485677	3.074080484556088	0.825950331457442	-0.34199206760724205	2835
row556	142.08635962009433	9.042973425773717	0.8289499545964101	0.336670522361976	531
row557	156.1020020031538	4.3706143211194215	0.83147258072302	-0.331911337188775	743
row558	174.11256066684066	9.821361133076497	0.834480354566255	-0.326573774255542	1004
row559	328.24814551217213	4.314401266425287	0.839856653090351	0.31723248685655603	2419
row560	146.08121083577473	10.355009668222747	0.839856653090351	0.31664657251597306	600
row561	198.11259257793427	4.3844325885491005	0.8515181816696121	0.30105054551566696	1340
row562	526.3774294466584	3.7025219001690512	0.8529955613210849	-0.29750786160582005	2729
row563	217.17992833455403	3.496885067488241	0.8568384380693291	0.290924138486294	1583
row564	789.6180069986979	3.185158775462265	0.8568384380693291	0.28936298712139	2953
row565	118.06108459673429	12.531395037924016	0.8592383414682171	-0.28471873215043103	233
row566	174.13186501167917	9.289295569265011	0.8606572072045792	0.2812339110973269	1010
row567	132.07676277160644	11.711947447631935	0.863414446913331	-0.273508916684201	416
row568	266.121456269295	6.712178921074507	0.863414446913331	-0.273035027310586	2042
row569	164.0293822786701	11.59996462623909	0.863414446913331	0.27149115006723	869
row570	148.06044561212713	9.599390270895464	0.863414446913331	0.269117354927423	631
row571	154.04986931937086	6.717301560916661	0.863414446913331	0.268939579359874	712
row572	216.15954228451375	4.313198317033528	0.864177449793465	-0.26471782180844394	1572
row573	284.86855022723864	14.545677938301596	0.864177449793465	0.264423536812425	4102
row574	188.09180537989883	4.437174279451724	0.865436122658658	-0.261115873512231	1192
row575	218.13873609855995	6.706946409855665	0.867995082589353	0.256249581820563	1593
row576	185.1285421708051	4.4351081815381965	0.8826157582540829	-0.235556196350412	1150
row577	612.5196630859375	2.9911716878237957	0.8826157582540829	-0.235136802089469	2796
row578	134.0833956631747	11.693696195774493	0.886259205945672	-0.227830767547475	448
row579	188.09179316068952	6.711392215119629	0.886259205945672	0.226492793534343	1191
row580	131.08965702380164	9.512981113606862	0.886259205945672	0.225291978085762	402
row581	454.29274400983536	3.8159728910583217	0.8874989605699749	0.221975003298886	2654
row582	129.10223881648136	10.14010518333536	0.8953647583207219	0.209447008990062	352
row583	240.1422054893092	6.703257039831552	0.8953647583207219	-0.20886618597776	1832
row584	102.05497400084538	11.59886927335523	0.902503466928448	-0.19770082451963603	107
row585	137.04583913167318	9.042706687232048	0.902503466928448	0.19238273182927	480
row586	246.24264697024697	6.663635200020018	0.902503466928448	-0.19209502232696	1898
row587	120.0905162911666	10.404289303482257	0.902503466928448	-0.19068613749608	267
row588	202.14386417554766	6.7111876242452855	0.902503466928448	-0.19025619487384804	1394
row589	118.0862263629311	10.406100857570118	0.902503466928448	-0.18919699464352	241
row590	72.08080402173493	10.404729128701526	0.904998291768816	-0.18433207012859304	6
row591	496.3396652430704	6.678386501453447	0.9058423232566659	0.181457920776932	2697
row592	156.13839948177338	4.388823158162995	0.9078237083704621	-0.17720457439014003	748
row593	257.11304651547783	8.046585805480474	0.911229124195237	0.16980311451348098	1982
row594	82.94497322549627	4.719298169027288	0.911229124195237	-0.16597608709508	35
row595	169.0859831689109	6.707108772998255	0.911229124195237	0.165736636358184	929
row596	115.0695485064858	8.601991402136887	0.911229124195237	0.16563835647654002	192
row597	199.18053660074867	3.613996589181411	0.9191842373140471	0.15409558120474598	1360
row598	788.6709195650542	3.3210114504885047	0.9242826992226609	0.146016384829108	2951
row599	343.1896204168146	9.292335726703062	0.9271756782136691	-0.140611661799648	2472
row600	130.08630989693307	6.714664681169856	0.9287664352605779	-0.136786937899878	374
row601	239.13897132873532	4.38045851106912	0.9308777841008241	-0.13232234104340498	1822
row602	147.12094518300648	10.732846025554746	0.934622676283128	0.124976018262929	3438
row603	134.10863405863444	9.300184216818623	0.934622676283128	-0.123569256465392	3349
row604	127.07272237889907	9.996741524796928	0.934622676283128	-0.11687406707089301	327
row605	157.0860331608699	4.401590453178399	0.934622676283128	-0.116852078033098	759
row606	732.6082223745492	3.341070460316012	0.934622676283128	-0.11669836578222699	2864
row607	118.06511846081965	9.960984627765214	0.934622676283128	0.11637921640109901	236
row608	159.11286996540267	10.40698936936049	0.9352302452836129	-0.11373662865863302	805
row609	303.0239378276624	10.412414360512496	0.9407272141032851	0.105062990649284	2319
row610	155.09272153753983	8.605884724296029	0.943008688633634	-0.100342806624723	725
row611	508.37631204094686	3.773383831409169	0.9446253537953622	-0.0964371421156794	2706
row612	181.03970273335773	9.670247417689332	0.946951349074675	-0.0901249800611599	1095
row613	243.94808880488083	10.077530369438463	0.946951349074675	0.0897347301807447	3975
row614	145.09719601192992	11.143932312458295	0.9488037513719991	0.0855227705538717	583
row615	144.10197530110676	9.196256324482755	0.95005038720559	-0.0804926017192377	565
row616	151.09652974870468	6.697604342702687	0.95005038720559	-0.080138550144393	683
row617	264.1804777292105	3.47083174785214	0.9565892731687758	-0.0700762743488289	2037
row618	148.0967851587244	6.832714637077744	0.9581210000371109	-0.06623625504567	636
row619	120.09291960063732	10.404521617841146	0.9709702827524079	0.0482673862486855	269
row620	127.05023574829102	10.061188714238039	0.974313633482738	0.0421340110117417	325
row621	142.94811766488212	12.479464782309474	0.9744893823154991	-0.039951244401758	541
row622	118.08624432538006	9.607425459917092	0.983014788401197	-0.0273082450068776	240
row623	115.06321776540658	8.604204271160157	0.983654993288002	-0.0245257232520865	191
row624	186.1125436731287	9.397406494197273	0.9844138270008891	-0.0215917759272013	1154
row625	114.03404131802642	8.589866932858449	0.9917762908608689	-0.0103462072741307	175
